-0.299 100.1 100.0
-0.298 100.2 100.0
-0.297 100.2 100.0
-0.296 100.3 100.0
-0.295 100.4 100.0
-0.294 100.5 100.0
-0.293 100.5 100.0
-0.292 100.6 100.0
-0.291 100.7 100.0
-0.290 100.8 100.0
-0.289 100.9 100.0
-0.288 101.0 100.0
-0.287 101.1 100.0
-0.286 101.2 100.0
-0.285 101.3 100.0
-0.284 101.5 100.0
-0.283 101.6 100.0
-0.282 101.8 100.0
-0.281 101.9 100.0
-0.280 102.1 100.0
-0.279 102.3 100.0
-0.278 102.4 100.0
-0.277 102.6 100.0
-0.276 102.9 100.0
-0.275 103.1 100.0
-0.274 103.3 100.0
-0.273 103.6 100.0
-0.272 103.9 100.0
-0.271 104.1 100.0
-0.270 104.5 100.0
-0.269 104.8 100.0
-0.268 105.1 100.0
-0.267 105.5 100.0
-0.266 105.9 100.0
-0.265 106.3 100.0
-0.264 106.7 100.0
-0.263 107.2 100.0
-0.262 107.7 100.0
-0.261 108.2 100.0
-0.260 108.8 100.0
-0.259 109.4 100.0
-0.258 110.0 100.0
-0.257 110.7 100.0
-0.256 111.4 100.0
-0.255 112.1 100.0
-0.254 112.9 100.0
-0.253 113.7 100.0
-0.252 114.6 100.0
-0.251 115.5 100.0
-0.250 116.5 100.0
-0.249 117.5 100.0
-0.248 118.5 100.0
-0.247 119.7 100.0
-0.246 120.8 100.0
-0.245 122.1 100.0
-0.244 123.4 100.0
-0.243 124.8 100.0
-0.242 126.2 100.0
-0.241 127.7 100.0
-0.240 129.3 100.0
-0.239 130.9 100.0
-0.238 132.6 100.0
-0.237 134.4 100.0
-0.236 136.3 100.0
-0.235 138.2 100.0
-0.234 140.3 100.0
-0.233 142.4 100.0
-0.232 144.6 100.0
-0.231 146.9 100.0
-0.230 149.3 100.0
-0.229 151.8 100.0
-0.228 154.4 100.0
-0.227 157.1 100.0
-0.226 159.9 100.0
-0.225 162.8 100.0
-0.224 165.8 100.0
-0.223 168.9 100.0
-0.222 172.1 100.0
-0.221 175.5 100.0
-0.220 178.9 100.0
-0.219 182.5 100.0
-0.218 186.2 100.1
-0.217 190.0 100.1
-0.216 193.9 100.1
-0.215 198.0 100.1
-0.214 202.2 100.1
-0.213 206.5 100.1
-0.212 210.9 100.1
-0.211 215.5 100.1
-0.210 220.2 100.1
-0.209 225.1 100.1
-0.208 230.1 100.1
-0.207 235.2 100.1
-0.206 240.5 100.1
-0.205 246.0 100.1
-0.204 251.5 100.1
-0.203 257.3 100.1
-0.202 263.2 100.1
-0.201 269.2 100.1
-0.200 275.4 100.1
-0.199 281.8 100.1
-0.198 288.3 100.1
-0.197 295.0 100.2
-0.196 301.8 100.2
-0.195 308.5 100.2
-0.194 315.4 100.2
-0.193 322.5 100.2
-0.192 329.8 100.2
-0.191 337.2 100.2
-0.190 344.8 100.2
-0.189 352.6 100.2
-0.188 360.5 100.2
-0.187 368.7 100.2
-0.186 377.0 100.3
-0.185 385.6 100.3
-0.184 394.3 100.3
-0.183 403.2 100.3
-0.182 412.3 100.3
-0.181 421.6 100.3
-0.180 431.1 100.3
-0.179 440.8 100.3
-0.178 450.7 100.4
-0.177 460.9 100.4
-0.176 471.2 100.4
-0.175 481.8 100.4
-0.174 492.5 100.4
-0.173 503.5 100.4
-0.172 514.7 100.4
-0.171 526.1 100.5
-0.170 537.8 100.5
-0.169 549.7 100.5
-0.168 561.8 100.5
-0.167 574.1 100.5
-0.166 586.7 100.6
-0.165 599.5 100.6
-0.164 612.5 100.6
-0.163 625.8 100.6
-0.162 639.3 100.6
-0.161 653.1 100.7
-0.160 667.1 100.7
-0.159 681.4 100.7
-0.158 695.9 100.7
-0.157 710.7 100.8
-0.156 725.7 100.8
-0.155 741.0 100.8
-0.154 756.6 100.9
-0.153 772.4 100.9
-0.152 788.5 100.9
-0.151 804.9 100.9
-0.150 821.5 101.0
-0.149 838.4 101.0
-0.148 855.6 101.0
-0.147 873.1 101.1
-0.146 890.8 101.1
-0.145 908.8 101.1
-0.144 927.2 101.2
-0.143 945.8 101.2
-0.142 964.7 101.2
-0.141 983.9 101.3
-0.140 1003.4 101.3
-0.139 1023.2 101.4
-0.138 1043.3 101.4
-0.137 1063.7 101.4
-0.136 1084.4 101.5
-0.135 1105.5 101.5
-0.134 1126.8 101.6
-0.133 1148.4 101.6
-0.132 1170.4 101.7
-0.131 1192.7 101.7
-0.130 1215.3 101.8
-0.129 1238.3 101.8
-0.128 1261.5 101.9
-0.127 1285.1 101.9
-0.126 1309.1 102.0
-0.125 1333.3 102.0
-0.124 1357.9 102.1
-0.123 1382.9 102.1
-0.122 1408.2 102.2
-0.121 1433.8 102.2
-0.120 1459.8 102.3
-0.119 1486.1 102.4
-0.118 1512.7 102.4
-0.117 1539.7 102.5
-0.116 1567.1 102.5
-0.115 1594.8 102.6
-0.114 1622.9 102.7
-0.113 1651.3 102.7
-0.112 1680.0 102.8
-0.111 1709.1 102.9
-0.110 1738.6 103.0
-0.109 1768.4 103.0
-0.108 1798.5 103.1
-0.107 1829.0 103.2
-0.106 1859.8 103.3
-0.105 1891.0 103.3
-0.104 1922.4 103.4
-0.103 1954.3 103.5
-0.102 1986.4 103.6
-0.101 2018.8 103.7
-0.100 2051.6 103.7
-0.099 2084.7 103.8
-0.098 2118.0 103.9
-0.097 2151.7 104.0
-0.096 2185.6 104.1
-0.095 2219.8 104.2
-0.094 2254.2 104.3
-0.093 2288.9 104.4
-0.092 2323.9 104.5
-0.091 2359.0 104.6
-0.090 2394.4 104.7
-0.089 2430.0 104.8
-0.088 2465.8 104.9
-0.087 2501.7 105.0
-0.086 2537.9 105.1
-0.085 2574.1 105.2
-0.084 2610.6 105.3
-0.083 2647.1 105.4
-0.082 2683.8 105.5
-0.081 2720.6 105.6
-0.080 2757.4 105.8
-0.079 2794.4 105.9
-0.078 2831.4 106.0
-0.077 2868.5 106.1
-0.076 2905.6 106.2
-0.075 2942.8 106.3
-0.074 2980.0 106.5
-0.073 3017.2 106.6
-0.072 3054.5 106.7
-0.071 3091.7 106.9
-0.070 3129.0 107.0
-0.069 3166.2 107.1
-0.068 3203.4 107.2
-0.067 3240.6 107.4
-0.066 3277.8 107.5
-0.065 3314.9 107.7
-0.064 3352.0 107.8
-0.063 3389.0 107.9
-0.062 3426.0 108.1
-0.061 3463.0 108.2
-0.060 3499.9 108.4
-0.059 3536.7 108.5
-0.058 3573.5 108.7
-0.057 3610.2 108.8
-0.056 3646.8 109.0
-0.055 3683.4 109.1
-0.054 3719.8 109.3
-0.053 3756.3 109.4
-0.052 3792.6 109.6
-0.051 3828.9 109.7
-0.050 3865.0 109.9
-0.049 3901.1 110.1
-0.048 3937.1 110.2
-0.047 3973.0 110.4
-0.046 4008.8 110.5
-0.045 4044.5 110.7
-0.044 4080.1 110.9
-0.043 4115.6 111.0
-0.042 4151.1 111.2
-0.041 4186.4 111.4
-0.040 4221.6 111.6
-0.039 4256.7 111.7
-0.038 4291.7 111.9
-0.037 4326.6 112.1
-0.036 4361.4 112.3
-0.035 4396.0 112.4
-0.034 4430.6 112.6
-0.033 4465.0 112.8
-0.032 4499.3 113.0
-0.031 4533.5 113.2
-0.030 4567.5 113.4
-0.029 4601.4 113.5
-0.028 4635.2 113.7
-0.027 4668.8 113.9
-0.026 4702.2 114.1
-0.025 4735.5 114.3
-0.024 4768.7 114.5
-0.023 4801.7 114.7
-0.022 4834.6 114.9
-0.021 4867.3 115.1
-0.020 4899.8 115.3
-0.019 4932.2 115.5
-0.018 4964.4 115.7
-0.017 4996.4 115.9
-0.016 5028.3 116.1
-0.015 5059.9 116.3
-0.014 5091.4 116.5
-0.013 5122.7 116.7
-0.012 5153.8 116.9
-0.011 5184.7 117.1
-0.010 5215.4 117.3
-0.009 5245.9 117.5
-0.008 5276.2 117.7
-0.007 5306.3 117.9
-0.006 5336.1 118.2
-0.005 5365.7 118.4
-0.004 5395.1 118.6
-0.003 5424.3 118.8
-0.002 5453.2 119.0
-0.001 5481.9 119.2
0.000 5510.3 119.4
0.001 5538.5 119.7
0.002 5566.5 119.9
0.003 5594.2 120.1
0.004 5621.6 120.3
0.005 5648.8 120.5
0.006 5675.7 120.8
0.007 5702.3 121.0
0.008 5728.7 121.2
0.009 5754.8 121.4
0.010 5780.6 121.7
0.011 5806.1 121.9
0.012 5831.4 122.1
0.013 5856.3 122.3
0.014 5881.0 122.6
0.015 5905.3 122.8
0.016 5929.4 123.0
0.017 5953.2 123.3
0.018 5976.6 123.5
0.019 5999.8 123.7
0.020 6022.6 124.0
0.021 6045.1 124.2
0.022 6067.3 124.4
0.023 6089.2 124.7
0.024 6110.8 124.9
0.025 6132.0 125.1
0.026 6152.9 125.4
0.027 6173.5 125.6
0.028 6193.8 125.8
0.029 6213.7 126.1
0.030 6233.2 126.3
0.031 6252.5 126.6
0.032 6271.4 126.8
0.033 6289.9 127.0
0.034 6308.2 127.3
0.035 6326.0 127.5
0.036 6343.5 127.8
0.037 6360.7 128.0
0.038 6377.5 128.2
0.039 6394.0 128.5
0.040 6410.1 128.7
0.041 6425.9 129.0
0.042 6441.3 129.2
0.043 6456.3 129.5
0.044 6471.1 129.7
0.045 6485.4 129.9
0.046 6499.5 130.2
0.047 6513.1 130.4
0.048 6526.4 130.7
0.049 6539.4 130.9
0.050 6552.1 131.2
0.051 6564.3 131.4
0.052 6576.3 131.7
0.053 6587.9 131.9
0.054 6599.1 132.2
0.055 6610.0 132.4
0.056 6620.6 132.6
0.057 6630.8 132.9
0.058 6640.7 133.1
0.059 6650.3 133.4
0.060 6659.5 133.6
0.061 6668.4 133.9
0.062 6677.0 134.1
0.063 6685.2 134.4
0.064 6693.1 134.6
0.065 6700.7 134.9
0.066 6707.9 135.1
0.067 6714.9 135.4
0.068 6721.5 135.6
0.069 6727.8 135.9
0.070 6733.8 136.1
0.071 6739.5 136.4
0.072 6744.9 136.6
0.073 6749.9 136.9
0.074 6754.7 137.1
0.075 6759.2 137.3
0.076 6763.4 137.6
0.077 6767.3 137.8
0.078 6770.9 138.1
0.079 6774.2 138.3
0.080 6777.3 138.6
0.081 6780.0 138.8
0.082 6782.5 139.1
0.083 6784.8 139.3
0.084 6786.7 139.6
0.085 6788.4 139.8
0.086 6789.9 140.1
0.087 6791.1 140.3
0.088 6792.0 140.6
0.089 6792.7 140.8
0.090 6793.1 141.0
0.091 6793.4 141.3
0.092 6793.3 141.5
0.093 6793.1 141.8
0.094 6792.6 142.0
0.095 6791.9 142.3
0.096 6791.0 142.5
0.097 6789.8 142.8
0.098 6788.5 143.0
0.099 6786.9 143.2
0.100 6785.2 143.5
0.101 6783.2 143.7
0.102 6781.1 144.0
0.103 6778.7 144.2
0.104 6776.2 144.5
0.105 6773.5 144.7
0.106 6770.6 144.9
0.107 6767.6 145.2
0.108 6764.4 145.4
0.109 6761.0 145.7
0.110 6757.4 145.9
0.111 6753.7 146.1
0.112 6749.8 146.4
0.113 6745.8 146.6
0.114 6741.6 146.9
0.115 6737.3 147.1
0.116 6732.9 147.3
0.117 6728.3 147.6
0.118 6723.6 147.8
0.119 6718.8 148.0
0.120 6713.8 148.3
0.121 6708.7 148.5
0.122 6703.5 148.8
0.123 6698.2 149.0
0.124 6692.8 149.2
0.125 6687.3 149.5
0.126 6681.7 149.7
0.127 6676.0 149.9
0.128 6670.1 150.2
0.129 6664.2 150.4
0.130 6658.2 150.6
0.131 6652.1 150.9
0.132 6646.0 151.1
0.133 6639.7 151.3
0.134 6633.4 151.6
0.135 6627.0 151.8
0.136 6620.6 152.0
0.137 6614.0 152.2
0.138 6607.4 152.5
0.139 6600.8 152.7
0.140 6594.1 152.9
0.141 6587.3 153.2
0.142 6580.5 153.4
0.143 6573.6 153.6
0.144 6566.7 153.9
0.145 6559.7 154.1
0.146 6552.7 154.3
0.147 6545.6 154.5
0.148 6538.5 154.8
0.149 6531.4 155.0
0.150 6524.2 155.2
0.151 6517.0 155.4
0.152 6509.8 155.7
0.153 6502.6 155.9
0.154 6495.3 156.1
0.155 6488.0 156.3
0.156 6480.6 156.5
0.157 6473.3 156.8
0.158 6465.9 157.0
0.159 6458.5 157.2
0.160 6451.1 157.4
0.161 6443.7 157.7
0.162 6436.3 157.9
0.163 6428.8 158.1
0.164 6421.4 158.3
0.165 6413.9 158.5
0.166 6406.4 158.8
0.167 6399.0 159.0
0.168 6391.5 159.2
0.169 6384.0 159.4
0.170 6376.5 159.6
0.171 6369.0 159.8
0.172 6361.5 160.1
0.173 6354.1 160.3
0.174 6346.6 160.5
0.175 6339.1 160.7
0.176 6331.6 160.9
0.177 6324.2 161.1
0.178 6316.7 161.4
0.179 6309.3 161.6
0.180 6301.8 161.8
0.181 6294.4 162.0
0.182 6287.0 162.2
0.183 6279.5 162.4
0.184 6272.2 162.6
0.185 6264.8 162.8
0.186 6257.4 163.1
0.187 6250.0 163.3
0.188 6242.7 163.5
0.189 6235.4 163.7
0.190 6228.1 163.9
0.191 6220.8 164.1
0.192 6213.5 164.3
0.193 6206.2 164.5
0.194 6199.0 164.7
0.195 6191.8 164.9
0.196 6184.6 165.1
0.197 6177.4 165.3
0.198 6170.2 165.6
0.199 6163.1 165.8
0.200 6155.9 166.0
0.201 6148.8 166.2
0.202 6141.8 166.4
0.203 6134.7 166.6
0.204 6127.7 166.8
0.205 6120.6 167.0
0.206 6113.6 167.2
0.207 6106.7 167.4
0.208 6099.7 167.6
0.209 6092.8 167.8
0.210 6085.9 168.0
0.211 6079.0 168.2
0.212 6072.1 168.4
0.213 6065.3 168.6
0.214 6058.4 168.8
0.215 6051.6 169.0
0.216 6044.9 169.2
0.217 6038.1 169.4
0.218 6031.4 169.6
0.219 6024.7 169.8
0.220 6018.0 170.0
0.221 6011.3 170.2
0.222 6004.7 170.4
0.223 5998.1 170.6
0.224 5991.5 170.8
0.225 5984.9 171.0
0.226 5978.4 171.2
0.227 5971.8 171.4
0.228 5965.3 171.6
0.229 5958.8 171.8
0.230 5952.4 172.0
0.231 5946.0 172.2
0.232 5939.5 172.4
0.233 5933.2 172.6
0.234 5926.8 172.8
0.235 5920.4 173.0
0.236 5914.1 173.2
0.237 5907.8 173.4
0.238 5901.5 173.6
0.239 5895.3 173.8
0.240 5889.0 173.9
0.241 5882.8 174.1
0.242 5876.6 174.3
0.243 5870.5 174.5
0.244 5864.3 174.7
0.245 5858.2 174.9
0.246 5852.1 175.1
0.247 5846.0 175.3
0.248 5839.9 175.5
0.249 5833.9 175.7
0.250 5827.9 175.9
0.251 5821.9 176.1
0.252 5815.9 176.2
0.253 5809.9 176.4
0.254 5804.0 176.6
0.255 5798.1 176.8
0.256 5792.2 177.0
0.257 5786.3 177.2
0.258 5780.4 177.4
0.259 5774.6 177.6
0.260 5768.8 177.8
0.261 5763.0 177.9
0.262 5757.2 178.1
0.263 5751.4 178.3
0.264 5745.7 178.5
0.265 5740.0 178.7
0.266 5734.3 178.9
0.267 5728.6 179.1
0.268 5722.9 179.3
0.269 5717.3 179.4
0.270 5711.6 179.6
0.271 5706.0 179.8
0.272 5700.4 180.0
0.273 5694.8 180.2
0.274 5689.3 180.4
0.275 5683.7 180.5
0.276 5678.2 180.7
0.277 5672.7 180.9
0.278 5667.2 181.1
0.279 5661.7 181.3
0.280 5656.3 181.5
0.281 5650.9 181.6
0.282 5645.4 181.8
0.283 5640.0 182.0
0.284 5634.6 182.2
0.285 5629.3 182.4
0.286 5623.9 182.6
0.287 5618.6 182.7
0.288 5613.3 182.9
0.289 5608.0 183.1
0.290 5602.7 183.3
0.291 5597.4 183.5
0.292 5592.2 183.6
0.293 5586.9 183.8
0.294 5581.7 184.0
0.295 5576.5 184.2
0.296 5571.3 184.4
0.297 5566.1 184.5
0.298 5561.0 184.7
0.299 5555.8 184.9
0.300 5550.7 185.1
0.301 5545.6 185.2
0.302 5540.5 185.4
0.303 5535.4 185.6
0.304 5530.3 185.8
0.305 5525.3 186.0
0.306 5520.3 186.1
0.307 5515.2 186.3
0.308 5510.2 186.5
0.309 5505.2 186.7
0.310 5500.3 186.8
0.311 5495.3 187.0
0.312 5490.3 187.2
0.313 5485.4 187.4
0.314 5480.5 187.5
0.315 5475.6 187.7
0.316 5470.7 187.9
0.317 5465.8 188.1
0.318 5460.9 188.2
0.319 5456.1 188.4
0.320 5451.2 188.6
0.321 5446.4 188.8
0.322 5441.6 188.9
0.323 5436.8 189.1
0.324 5432.0 189.3
0.325 5427.2 189.4
0.326 5422.5 189.6
0.327 5417.7 189.8
0.328 5413.0 190.0
0.329 5408.3 190.1
0.330 5403.6 190.3
0.331 5398.9 190.5
0.332 5394.2 190.7
0.333 5389.5 190.8
0.334 5384.8 191.0
0.335 5380.2 191.2
0.336 5375.6 191.3
0.337 5370.9 191.5
0.338 5366.3 191.7
0.339 5361.7 191.8
0.340 5357.1 192.0
0.341 5352.6 192.2
0.342 5348.0 192.4
0.343 5343.4 192.5
0.344 5338.9 192.7
0.345 5334.4 192.9
0.346 5329.8 193.0
0.347 5325.3 193.2
0.348 5320.8 193.4
0.349 5316.3 193.5
0.350 5311.9 193.7
0.351 5307.4 193.9
0.352 5303.0 194.0
0.353 5298.5 194.2
0.354 5294.1 194.4
0.355 5289.7 194.5
0.356 5285.3 194.7
0.357 5280.9 194.9
0.358 5276.5 195.0
0.359 5272.1 195.2
0.360 5267.7 195.4
0.361 5263.4 195.5
0.362 5259.1 195.7
0.363 5254.7 195.9
0.364 5250.4 196.0
0.365 5246.1 196.2
0.366 5241.8 196.4
0.367 5237.5 196.5
0.368 5233.2 196.7
0.369 5229.0 196.8
0.370 5224.7 197.0
0.371 5220.5 197.2
0.372 5216.2 197.3
0.373 5212.0 197.5
0.374 5207.8 197.7
0.375 5203.6 197.8
0.376 5199.4 198.0
0.377 5195.2 198.2
0.378 5191.0 198.3
0.379 5186.8 198.5
0.380 5182.7 198.6
0.381 5178.5 198.8
0.382 5174.4 199.0
0.383 5170.3 199.1
0.384 5166.2 199.3
0.385 5162.1 199.4
0.386 5158.0 199.6
0.387 5153.9 199.8
0.388 5149.8 199.9
0.389 5145.7 200.1
0.390 5141.7 200.2
0.391 5137.6 200.4
0.392 5133.6 200.6
0.393 5129.5 200.7
0.394 5125.5 200.9
0.395 5121.5 201.0
0.396 5117.5 201.2
0.397 5113.5 201.4
0.398 5109.5 201.5
0.399 5105.5 201.7
0.400 5101.6 201.8
0.401 5097.6 202.0
0.402 5093.7 202.2
0.403 5089.7 202.3
0.404 5085.8 202.5
0.405 5081.9 202.6
0.406 5078.0 202.8
0.407 5074.0 202.9
0.408 5070.1 203.1
0.409 5066.3 203.3
0.410 5062.4 203.4
0.411 5058.5 203.6
0.412 5054.6 203.7
0.413 5050.8 203.9
0.414 5046.9 204.0
0.415 5043.1 204.2
0.416 5039.3 204.4
0.417 5035.4 204.5
0.418 5031.6 204.7
0.419 5027.8 204.8
0.420 5024.0 205.0
0.421 5020.2 205.1
0.422 5016.4 205.3
0.423 5012.6 205.4
0.424 5008.9 205.6
0.425 5005.1 205.8
0.426 5001.4 205.9
0.427 4997.6 206.1
0.428 4993.9 206.2
0.429 4990.1 206.4
0.430 4986.4 206.5
0.431 4982.7 206.7
0.432 4979.0 206.8
0.433 4975.3 207.0
0.434 4971.6 207.1
0.435 4967.9 207.3
0.436 4964.2 207.4
0.437 4960.6 207.6
0.438 4956.9 207.8
0.439 4953.3 207.9
0.440 4949.6 208.1
0.441 4946.0 208.2
0.442 4942.3 208.4
0.443 4938.7 208.5
0.444 4935.1 208.7
0.445 4931.5 208.8
0.446 4927.9 209.0
0.447 4924.3 209.1
0.448 4920.7 209.3
0.449 4917.1 209.4
0.450 4913.5 209.6
0.451 4909.9 209.7
0.452 4906.4 209.9
0.453 4902.8 210.0
0.454 4899.3 210.2
0.455 4895.7 210.3
0.456 4892.2 210.5
0.457 4888.6 210.6
0.458 4885.1 210.8
0.459 4881.6 210.9
0.460 4878.1 211.1
0.461 4874.6 211.2
0.462 4871.1 211.4
0.463 4867.6 211.5
0.464 4864.1 211.7
0.465 4860.6 211.8
0.466 4857.2 212.0
0.467 4853.7 212.1
0.468 4850.2 212.3
0.469 4846.8 212.4
0.470 4843.3 212.6
0.471 4839.9 212.7
0.472 4836.5 212.9
0.473 4833.0 213.0
0.474 4829.6 213.2
0.475 4826.2 213.3
0.476 4822.8 213.4
0.477 4819.4 213.6
0.478 4816.0 213.7
0.479 4812.6 213.9
0.480 4809.2 214.0
0.481 4805.8 214.2
0.482 4802.5 214.3
0.483 4799.1 214.5
0.484 4795.7 214.6
0.485 4792.4 214.8
0.486 4789.0 214.9
0.487 4785.7 215.1
0.488 4782.4 215.2
0.489 4779.0 215.3
0.490 4775.7 215.5
0.491 4772.4 215.6
0.492 4769.1 215.8
0.493 4765.8 215.9
0.494 4762.5 216.1
0.495 4759.2 216.2
0.496 4755.9 216.4
0.497 4752.6 216.5
0.498 4749.3 216.7
0.499 4746.0 216.8
0.500 4742.8 216.9
0.501 4739.5 217.1
0.502 4736.2 217.2
0.503 4733.0 217.4
0.504 4729.8 217.5
0.505 4726.5 217.7
0.506 4723.3 217.8
0.507 4720.0 217.9
0.508 4716.8 218.1
0.509 4713.6 218.2
0.510 4710.4 218.4
0.511 4707.2 218.5
0.512 4704.0 218.7
0.513 4700.8 218.8
0.514 4697.6 218.9
0.515 4694.4 219.1
0.516 4691.2 219.2
0.517 4688.0 219.4
0.518 4684.9 219.5
0.519 4681.7 219.7
0.520 4678.5 219.8
0.521 4675.4 219.9
0.522 4672.2 220.1
0.523 4669.1 220.2
0.524 4665.9 220.4
0.525 4662.8 220.5
0.526 4659.7 220.6
0.527 4656.5 220.8
0.528 4653.4 220.9
0.529 4650.3 221.1
0.530 4647.2 221.2
0.531 4644.1 221.3
0.532 4641.0 221.5
0.533 4637.9 221.6
0.534 4634.8 221.8
0.535 4631.7 221.9
0.536 4628.6 222.0
0.537 4625.5 222.2
0.538 4622.5 222.3
0.539 4619.4 222.5
0.540 4616.3 222.6
0.541 4613.3 222.7
0.542 4610.2 222.9
0.543 4607.2 223.0
0.544 4604.1 223.1
0.545 4601.1 223.3
0.546 4598.0 223.4
0.547 4595.0 223.6
0.548 4592.0 223.7
0.549 4588.9 223.8
0.550 4585.9 224.0
0.551 4582.9 224.1
0.552 4579.9 224.3
0.553 4576.9 224.4
0.554 4573.9 224.5
0.555 4570.9 224.7
0.556 4567.9 224.8
0.557 4564.9 224.9
0.558 4561.9 225.1
0.559 4559.0 225.2
0.560 4556.0 225.3
0.561 4553.0 225.5
0.562 4550.0 225.6
0.563 4547.1 225.8
0.564 4544.1 225.9
0.565 4541.2 226.0
0.566 4538.2 226.2
0.567 4535.3 226.3
0.568 4532.3 226.4
0.569 4529.4 226.6
0.570 4526.5 226.7
0.571 4523.5 226.8
0.572 4520.6 227.0
0.573 4517.7 227.1
0.574 4514.8 227.3
0.575 4511.9 227.4
0.576 4508.9 227.5
0.577 4506.0 227.7
0.578 4503.1 227.8
0.579 4500.2 227.9
0.580 4497.4 228.1
0.581 4494.5 228.2
0.582 4491.6 228.3
0.583 4488.7 228.5
0.584 4485.8 228.6
0.585 4483.0 228.7
0.586 4480.1 228.9
0.587 4477.2 229.0
0.588 4474.4 229.1
0.589 4471.5 229.3
0.590 4468.7 229.4
0.591 4465.8 229.5
0.592 4463.0 229.7
0.593 4460.1 229.8
0.594 4457.3 229.9
0.595 4454.5 230.1
0.596 4451.6 230.2
0.597 4448.8 230.3
0.598 4446.0 230.5
0.599 4443.2 230.6
0.600 4440.3 230.7
0.601 4437.5 230.9
0.602 4434.7 231.0
0.603 4431.9 231.1
0.604 4429.1 231.3
0.605 4426.3 231.4
0.606 4423.5 231.5
0.607 4420.7 231.6
0.608 4418.0 231.8
0.609 4415.2 231.9
0.610 4412.4 232.0
0.611 4409.6 232.2
0.612 4406.9 232.3
0.613 4404.1 232.4
0.614 4401.3 232.6
0.615 4398.6 232.7
0.616 4395.8 232.8
0.617 4393.1 233.0
0.618 4390.3 233.1
0.619 4387.6 233.2
0.620 4384.8 233.3
0.621 4382.1 233.5
0.622 4379.4 233.6
0.623 4376.6 233.7
0.624 4373.9 233.9
0.625 4371.2 234.0
0.626 4368.4 234.1
0.627 4365.7 234.3
0.628 4363.0 234.4
0.629 4360.3 234.5
0.630 4357.6 234.6
0.631 4354.9 234.8
0.632 4352.2 234.9
0.633 4349.5 235.0
0.634 4346.8 235.2
0.635 4344.1 235.3
0.636 4341.4 235.4
0.637 4338.7 235.5
0.638 4336.1 235.7
0.639 4333.4 235.8
0.640 4330.7 235.9
0.641 4328.0 236.1
0.642 4325.4 236.2
0.643 4322.7 236.3
0.644 4320.0 236.4
0.645 4317.4 236.6
0.646 4314.7 236.7
0.647 4312.1 236.8
0.648 4309.4 236.9
0.649 4306.8 237.1
0.650 4304.1 237.2
0.651 4301.5 237.3
0.652 4298.8 237.5
0.653 4296.2 237.6
0.654 4293.6 237.7
0.655 4290.9 237.8
0.656 4288.3 238.0
0.657 4285.7 238.1
0.658 4283.1 238.2
0.659 4280.5 238.3
0.660 4277.8 238.5
0.661 4275.2 238.6
0.662 4272.6 238.7
0.663 4270.0 238.8
0.664 4267.4 239.0
0.665 4264.8 239.1
0.666 4262.2 239.2
0.667 4259.6 239.3
0.668 4257.0 239.5
0.669 4254.5 239.6
0.670 4251.9 239.7
0.671 4249.3 239.8
0.672 4246.7 240.0
0.673 4244.1 240.1
0.674 4241.6 240.2
0.675 4239.0 240.3
0.676 4236.4 240.5
0.677 4233.9 240.6
0.678 4231.3 240.7
0.679 4228.7 240.8
0.680 4226.2 241.0
0.681 4223.6 241.1
0.682 4221.1 241.2
0.683 4218.5 241.3
0.684 4216.0 241.5
0.685 4213.5 241.6
0.686 4210.9 241.7
0.687 4208.4 241.8
0.688 4205.8 241.9
0.689 4203.3 242.1
0.690 4200.8 242.2
0.691 4198.3 242.3
0.692 4195.7 242.4
0.693 4193.2 242.6
0.694 4190.7 242.7
0.695 4188.2 242.8
0.696 4185.7 242.9
0.697 4183.2 243.1
0.698 4180.7 243.2
0.699 4178.2 243.3
0.700 4175.6 243.4
0.701 4173.2 243.5
0.702 4170.7 243.7
0.703 4168.2 243.8
0.704 4165.7 243.9
0.705 4163.2 244.0
0.706 4160.7 244.2
0.707 4158.2 244.3
0.708 4155.7 244.4
0.709 4153.2 244.5
0.710 4150.8 244.6
0.711 4148.3 244.8
0.712 4145.8 244.9
0.713 4143.4 245.0
0.714 4140.9 245.1
0.715 4138.4 245.2
0.716 4136.0 245.4
0.717 4133.5 245.5
0.718 4131.0 245.6
0.719 4128.6 245.7
0.720 4126.1 245.8
0.721 4123.7 246.0
0.722 4121.2 246.1
0.723 4118.8 246.2
0.724 4116.4 246.3
0.725 4113.9 246.4
0.726 4111.5 246.6
0.727 4109.0 246.7
0.728 4106.6 246.8
0.729 4104.2 246.9
0.730 4101.8 247.0
0.731 4099.3 247.2
0.732 4096.9 247.3
0.733 4094.5 247.4
0.734 4092.1 247.5
0.735 4089.7 247.6
0.736 4087.2 247.8
0.737 4084.8 247.9
0.738 4082.4 248.0
0.739 4080.0 248.1
0.740 4077.6 248.2
0.741 4075.2 248.4
0.742 4072.8 248.5
0.743 4070.4 248.6
0.744 4068.0 248.7
0.745 4065.6 248.8
0.746 4063.2 248.9
0.747 4060.8 249.1
0.748 4058.5 249.2
0.749 4056.1 249.3
0.750 4053.7 249.4
0.751 4051.3 249.5
0.752 4048.9 249.7
0.753 4046.6 249.8
0.754 4044.2 249.9
0.755 4041.8 250.0
0.756 4039.4 250.1
0.757 4037.1 250.2
0.758 4034.7 250.4
0.759 4032.3 250.5
0.760 4030.0 250.6
0.761 4027.6 250.7
0.762 4025.3 250.8
0.763 4022.9 250.9
0.764 4020.6 251.1
0.765 4018.2 251.2
0.766 4015.9 251.3
0.767 4013.5 251.4
0.768 4011.2 251.5
0.769 4008.8 251.6
0.770 4006.5 251.8
0.771 4004.1 251.9
0.772 4001.8 252.0
0.773 3999.5 252.1
0.774 3997.1 252.2
0.775 3994.8 252.3
0.776 3992.5 252.4
0.777 3990.2 252.6
0.778 3987.8 252.7
0.779 3985.5 252.8
0.780 3983.2 252.9
0.781 3980.9 253.0
0.782 3978.6 253.1
0.783 3976.2 253.3
0.784 3973.9 253.4
0.785 3971.6 253.5
0.786 3969.3 253.6
0.787 3967.0 253.7
0.788 3964.7 253.8
0.789 3962.4 253.9
0.790 3960.1 254.1
0.791 3957.8 254.2
0.792 3955.5 254.3
0.793 3953.2 254.4
0.794 3950.9 254.5
0.795 3948.6 254.6
0.796 3946.3 254.7
0.797 3944.0 254.8
0.798 3941.8 255.0
0.799 3939.5 255.1
0.800 3937.2 255.2
0.801 3934.9 255.3
0.802 3932.6 255.4
0.803 3930.3 255.5
0.804 3928.1 255.6
0.805 3925.8 255.8
0.806 3923.5 255.9
0.807 3921.3 256.0
0.808 3919.0 256.1
0.809 3916.7 256.2
0.810 3914.5 256.3
0.811 3912.2 256.4
0.812 3909.9 256.5
0.813 3907.7 256.7
0.814 3905.4 256.8
0.815 3903.2 256.9
0.816 3900.9 257.0
0.817 3898.6 257.1
0.818 3896.4 257.2
0.819 3894.1 257.3
0.820 3891.9 257.4
0.821 3889.7 257.6
0.822 3887.4 257.7
0.823 3885.2 257.8
0.824 3882.9 257.9
0.825 3880.7 258.0
0.826 3878.4 258.1
0.827 3876.2 258.2
0.828 3874.0 258.3
0.829 3871.7 258.4
0.830 3869.5 258.6
0.831 3867.3 258.7
0.832 3865.1 258.8
0.833 3862.8 258.9
0.834 3860.6 259.0
0.835 3858.4 259.1
0.836 3856.2 259.2
0.837 3853.9 259.3
0.838 3851.7 259.4
0.839 3849.5 259.6
0.840 3847.3 259.7
0.841 3845.1 259.8
0.842 3842.9 259.9
0.843 3840.6 260.0
0.844 3838.4 260.1
0.845 3836.2 260.2
0.846 3834.0 260.3
0.847 3831.8 260.4
0.848 3829.6 260.5
0.849 3827.4 260.6
0.850 3825.2 260.8
0.851 3823.0 260.9
0.852 3820.8 261.0
0.853 3818.6 261.1
0.854 3816.4 261.2
0.855 3814.2 261.3
0.856 3812.1 261.4
0.857 3809.9 261.5
0.858 3807.7 261.6
0.859 3805.5 261.7
0.860 3803.3 261.8
0.861 3801.1 262.0
0.862 3798.9 262.1
0.863 3796.8 262.2
0.864 3794.6 262.3
0.865 3792.4 262.4
0.866 3790.2 262.5
0.867 3788.1 262.6
0.868 3785.9 262.7
0.869 3783.7 262.8
0.870 3781.5 262.9
0.871 3779.4 263.0
0.872 3777.2 263.1
0.873 3775.0 263.3
0.874 3772.9 263.4
0.875 3770.7 263.5
0.876 3768.6 263.6
0.877 3766.4 263.7
0.878 3764.2 263.8
0.879 3762.1 263.9
0.880 3759.9 264.0
0.881 3757.8 264.1
0.882 3755.6 264.2
0.883 3753.5 264.3
0.884 3751.3 264.4
0.885 3749.2 264.5
0.886 3747.0 264.6
0.887 3744.9 264.8
0.888 3742.8 264.9
0.889 3740.6 265.0
0.890 3738.5 265.1
0.891 3736.3 265.2
0.892 3734.2 265.3
0.893 3732.1 265.4
0.894 3729.9 265.5
0.895 3727.8 265.6
0.896 3725.7 265.7
0.897 3723.5 265.8
0.898 3721.4 265.9
0.899 3719.3 266.0
0.900 3717.1 266.1
0.901 3715.0 266.2
0.902 3712.9 266.3
0.903 3710.8 266.4
0.904 3708.7 266.6
0.905 3706.5 266.7
0.906 3704.4 266.8
0.907 3702.3 266.9
0.908 3700.2 267.0
0.909 3698.1 267.1
0.910 3696.0 267.2
0.911 3693.9 267.3
0.912 3691.7 267.4
0.913 3689.6 267.5
0.914 3687.5 267.6
0.915 3685.4 267.7
0.916 3683.3 267.8
0.917 3681.2 267.9
0.918 3679.1 268.0
0.919 3677.0 268.1
0.920 3674.9 268.2
0.921 3672.8 268.3
0.922 3670.7 268.4
0.923 3668.6 268.5
0.924 3666.5 268.6
0.925 3664.4 268.7
0.926 3662.3 268.9
0.927 3660.3 269.0
0.928 3658.2 269.1
0.929 3656.1 269.2
0.930 3654.0 269.3
0.931 3651.9 269.4
0.932 3649.8 269.5
0.933 3647.7 269.6
0.934 3645.7 269.7
0.935 3643.6 269.8
0.936 3641.5 269.9
0.937 3639.4 270.0
0.938 3637.3 270.1
0.939 3635.3 270.2
0.940 3633.2 270.3
0.941 3631.1 270.4
0.942 3629.1 270.5
0.943 3627.0 270.6
0.944 3624.9 270.7
0.945 3622.8 270.8
0.946 3620.8 270.9
0.947 3618.7 271.0
0.948 3616.6 271.1
0.949 3614.6 271.2
0.950 3612.5 271.3
0.951 3610.5 271.4
0.952 3608.4 271.5
0.953 3606.3 271.6
0.954 3604.3 271.7
0.955 3602.2 271.8
0.956 3600.2 271.9
0.957 3598.1 272.0
0.958 3596.1 272.1
0.959 3594.0 272.2
0.960 3592.0 272.3
0.961 3589.9 272.4
0.962 3587.9 272.5
0.963 3585.8 272.6
0.964 3583.8 272.7
0.965 3581.7 272.8
0.966 3579.7 272.9
0.967 3577.6 273.0
0.968 3575.6 273.1
0.969 3573.6 273.2
0.970 3571.5 273.3
0.971 3569.5 273.4
0.972 3567.4 273.5
0.973 3565.4 273.6
0.974 3563.4 273.7
0.975 3561.3 273.8
0.976 3559.3 273.9
0.977 3557.3 274.0
0.978 3555.2 274.1
0.979 3553.2 274.2
0.980 3551.2 274.3
0.981 3549.1 274.4
0.982 3547.1 274.5
0.983 3545.1 274.6
0.984 3543.1 274.7
0.985 3541.0 274.8
0.986 3539.0 274.9
0.987 3537.0 275.0
0.988 3535.0 275.1
0.989 3533.0 275.2
0.990 3530.9 275.3
0.991 3528.9 275.4
0.992 3526.9 275.5
0.993 3524.9 275.6
0.994 3522.9 275.7
0.995 3520.9 275.8
0.996 3518.8 275.9
0.997 3516.8 276.0
0.998 3514.8 276.1
0.999 3512.8 276.2
1.000 3510.8 276.3
1.001 3508.8 276.4
1.002 3506.8 276.5
1.003 3504.8 276.6
1.004 3502.8 276.7
1.005 3500.8 276.8
1.006 3498.8 276.9
1.007 3496.8 277.0
1.008 3494.8 277.1
1.009 3492.8 277.2
1.010 3490.8 277.3
1.011 3488.8 277.4
1.012 3486.8 277.5
1.013 3484.8 277.6
1.014 3482.8 277.7
1.015 3480.8 277.8
1.016 3478.8 277.9
1.017 3476.8 278.0
1.018 3474.8 278.1
1.019 3472.8 278.2
1.020 3470.8 278.3
1.021 3468.8 278.4
1.022 3466.8 278.5
1.023 3464.9 278.6
1.024 3462.9 278.7
1.025 3460.9 278.8
1.026 3458.9 278.9
1.027 3456.9 279.0
1.028 3454.9 279.1
1.029 3453.0 279.1
1.030 3451.0 279.2
1.031 3449.0 279.3
1.032 3447.0 279.4
1.033 3445.0 279.5
1.034 3443.1 279.6
1.035 3441.1 279.7
1.036 3439.1 279.8
1.037 3437.1 279.9
1.038 3435.2 280.0
1.039 3433.2 280.1
1.040 3431.2 280.2
1.041 3429.2 280.3
1.042 3427.3 280.4
1.043 3425.3 280.5
1.044 3423.3 280.6
1.045 3421.4 280.7
1.046 3419.4 280.8
1.047 3417.4 280.9
1.048 3415.5 281.0
1.049 3413.5 281.1
1.050 3411.6 281.2
1.051 3409.6 281.3
1.052 3407.6 281.3
1.053 3405.7 281.4
1.054 3403.7 281.5
1.055 3401.8 281.6
1.056 3399.8 281.7
1.057 3397.8 281.8
1.058 3395.9 281.9
1.059 3393.9 282.0
1.060 3392.0 282.1
1.061 3390.0 282.2
1.062 3388.1 282.3
1.063 3386.1 282.4
1.064 3384.2 282.5
1.065 3382.2 282.6
1.066 3380.3 282.7
1.067 3378.3 282.8
1.068 3376.4 282.9
1.069 3374.4 283.0
1.070 3372.5 283.0
1.071 3370.6 283.1
1.072 3368.6 283.2
1.073 3366.7 283.3
1.074 3364.7 283.4
1.075 3362.8 283.5
1.076 3360.8 283.6
1.077 3358.9 283.7
1.078 3357.0 283.8
1.079 3355.0 283.9
1.080 3353.1 284.0
1.081 3351.2 284.1
1.082 3349.2 284.2
1.083 3347.3 284.3
1.084 3345.4 284.3
1.085 3343.4 284.4
1.086 3341.5 284.5
1.087 3339.6 284.6
1.088 3337.6 284.7
1.089 3335.7 284.8
1.090 3333.8 284.9
1.091 3331.9 285.0
1.092 3329.9 285.1
1.093 3328.0 285.2
1.094 3326.1 285.3
1.095 3324.2 285.4
1.096 3322.2 285.5
1.097 3320.3 285.5
1.098 3318.4 285.6
1.099 3316.5 285.7
1.100 3314.5 285.8
1.101 3312.6 285.9
1.102 3310.7 286.0
1.103 3308.8 286.1
1.104 3306.9 286.2
1.105 3305.0 286.3
1.106 3303.0 286.4
1.107 3301.1 286.5
1.108 3299.2 286.6
1.109 3297.3 286.6
1.110 3295.4 286.7
1.111 3293.5 286.8
1.112 3291.6 286.9
1.113 3289.7 287.0
1.114 3287.8 287.1
1.115 3285.8 287.2
1.116 3283.9 287.3
1.117 3282.0 287.4
1.118 3280.1 287.5
1.119 3278.2 287.6
1.120 3276.3 287.6
1.121 3274.4 287.7
1.122 3272.5 287.8
1.123 3270.6 287.9
1.124 3268.7 288.0
1.125 3266.8 288.1
1.126 3264.9 288.2
1.127 3263.0 288.3
1.128 3261.1 288.4
1.129 3259.2 288.5
1.130 3257.3 288.5
1.131 3255.4 288.6
1.132 3253.5 288.7
1.133 3251.6 288.8
1.134 3249.7 288.9
1.135 3247.8 289.0
1.136 3245.9 289.1
1.137 3244.1 289.2
1.138 3242.2 289.3
1.139 3240.3 289.3
1.140 3238.4 289.4
1.141 3236.5 289.5
1.142 3234.6 289.6
1.143 3232.7 289.7
1.144 3230.8 289.8
1.145 3228.9 289.9
1.146 3227.1 290.0
1.147 3225.2 290.1
1.148 3223.3 290.1
1.149 3221.4 290.2
1.150 3219.5 290.3
1.151 3217.6 290.4
1.152 3215.8 290.5
1.153 3213.9 290.6
1.154 3212.0 290.7
1.155 3210.1 290.8
1.156 3208.2 290.9
1.157 3206.4 290.9
1.158 3204.5 291.0
1.159 3202.6 291.1
1.160 3200.7 291.2
1.161 3198.9 291.3
1.162 3197.0 291.4
1.163 3195.1 291.5
1.164 3193.2 291.6
1.165 3191.4 291.6
1.166 3189.5 291.7
1.167 3187.6 291.8
1.168 3185.8 291.9
1.169 3183.9 292.0
1.170 3182.0 292.1
1.171 3180.2 292.2
1.172 3178.3 292.3
1.173 3176.4 292.3
1.174 3174.6 292.4
1.175 3172.7 292.5
1.176 3170.8 292.6
1.177 3169.0 292.7
1.178 3167.1 292.8
1.179 3165.2 292.9
1.180 3163.4 293.0
1.181 3161.5 293.0
1.182 3159.7 293.1
1.183 3157.8 293.2
1.184 3155.9 293.3
1.185 3154.1 293.4
1.186 3152.2 293.5
1.187 3150.4 293.6
1.188 3148.5 293.6
1.189 3146.6 293.7
1.190 3144.8 293.8
1.191 3142.9 293.9
1.192 3141.1 294.0
1.193 3139.2 294.1
1.194 3137.4 294.2
1.195 3135.5 294.2
1.196 3133.7 294.3
1.197 3131.8 294.4
1.198 3130.0 294.5
1.199 3128.1 294.6
1.200 3126.3 294.7
1.201 3124.4 294.8
1.202 3122.6 294.8
1.203 3120.7 294.9
1.204 3118.9 295.0
1.205 3117.0 295.1
1.206 3115.2 295.2
1.207 3113.4 295.3
1.208 3111.5 295.4
1.209 3109.7 295.4
1.210 3107.8 295.5
1.211 3106.0 295.6
1.212 3104.1 295.7
1.213 3102.3 295.8
1.214 3100.5 295.9
1.215 3098.6 295.9
1.216 3096.8 296.0
1.217 3094.9 296.1
1.218 3093.1 296.2
1.219 3091.3 296.3
1.220 3089.4 296.4
1.221 3087.6 296.5
1.222 3085.8 296.5
1.223 3083.9 296.6
1.224 3082.1 296.7
1.225 3080.3 296.8
1.226 3078.4 296.9
1.227 3076.6 297.0
1.228 3074.8 297.0
1.229 3072.9 297.1
1.230 3071.1 297.2
1.231 3069.3 297.3
1.232 3067.5 297.4
1.233 3065.6 297.5
1.234 3063.8 297.5
1.235 3062.0 297.6
1.236 3060.2 297.7
1.237 3058.3 297.8
1.238 3056.5 297.9
1.239 3054.7 298.0
1.240 3052.9 298.0
1.241 3051.0 298.1
1.242 3049.2 298.2
1.243 3047.4 298.3
1.244 3045.6 298.4
1.245 3043.8 298.5
1.246 3041.9 298.5
1.247 3040.1 298.6
1.248 3038.3 298.7
1.249 3036.5 298.8
1.250 3034.7 298.9
1.251 3032.8 298.9
1.252 3031.0 299.0
1.253 3029.2 299.1
1.254 3027.4 299.2
1.255 3025.6 299.3
1.256 3023.8 299.4
1.257 3022.0 299.4
1.258 3020.1 299.5
1.259 3018.3 299.6
1.260 3016.5 299.7
1.261 3014.7 299.8
1.262 3012.9 299.8
1.263 3011.1 299.9
1.264 3009.3 300.0
1.265 3007.5 300.1
1.266 3005.7 300.2
1.267 3003.9 300.3
1.268 3002.1 300.3
1.269 3000.3 300.4
1.270 2998.5 300.5
1.271 2996.7 300.6
1.272 2994.8 300.7
1.273 2993.0 300.7
1.274 2991.2 300.8
1.275 2989.4 300.9
1.276 2987.6 301.0
1.277 2985.8 301.1
1.278 2984.0 301.1
1.279 2982.2 301.2
1.280 2980.4 301.3
1.281 2978.6 301.4
1.282 2976.8 301.5
1.283 2975.1 301.5
1.284 2973.3 301.6
1.285 2971.5 301.7
1.286 2969.7 301.8
1.287 2967.9 301.9
1.288 2966.1 301.9
1.289 2964.3 302.0
1.290 2962.5 302.1
1.291 2960.7 302.2
1.292 2958.9 302.3
1.293 2957.1 302.3
1.294 2955.3 302.4
1.295 2953.5 302.5
1.296 2951.8 302.6
1.297 2950.0 302.7
1.298 2948.2 302.7
1.299 2946.4 302.8
1.300 2944.6 302.9
1.301 2942.8 303.0
1.302 2941.0 303.1
1.303 2939.2 303.1
1.304 2937.5 303.2
1.305 2935.7 303.3
1.306 2933.9 303.4
1.307 2932.1 303.5
1.308 2930.3 303.5
1.309 2928.6 303.6
1.310 2926.8 303.7
1.311 2925.0 303.8
1.312 2923.2 303.9
1.313 2921.4 303.9
1.314 2919.7 304.0
1.315 2917.9 304.1
1.316 2916.1 304.2
1.317 2914.3 304.2
1.318 2912.5 304.3
1.319 2910.8 304.4
1.320 2909.0 304.5
1.321 2907.2 304.6
1.322 2905.5 304.6
1.323 2903.7 304.7
1.324 2901.9 304.8
1.325 2900.1 304.9
1.326 2898.4 304.9
1.327 2896.6 305.0
1.328 2894.8 305.1
1.329 2893.1 305.2
1.330 2891.3 305.3
1.331 2889.5 305.3
1.332 2887.8 305.4
1.333 2886.0 305.5
1.334 2884.2 305.6
1.335 2882.5 305.6
1.336 2880.7 305.7
1.337 2878.9 305.8
1.338 2877.2 305.9
1.339 2875.4 306.0
1.340 2873.6 306.0
1.341 2871.9 306.1
1.342 2870.1 306.2
1.343 2868.3 306.3
1.344 2866.6 306.3
1.345 2864.8 306.4
1.346 2863.1 306.5
1.347 2861.3 306.6
1.348 2859.6 306.6
1.349 2857.8 306.7
1.350 2856.0 306.8
1.351 2854.3 306.9
1.352 2852.5 306.9
1.353 2850.8 307.0
1.354 2849.0 307.1
1.355 2847.3 307.2
1.356 2845.5 307.3
1.357 2843.8 307.3
1.358 2842.0 307.4
1.359 2840.3 307.5
1.360 2838.5 307.6
1.361 2836.7 307.6
1.362 2835.0 307.7
1.363 2833.3 307.8
1.364 2831.5 307.9
1.365 2829.8 307.9
1.366 2828.0 308.0
1.367 2826.3 308.1
1.368 2824.5 308.2
1.369 2822.8 308.2
1.370 2821.0 308.3
1.371 2819.3 308.4
1.372 2817.5 308.5
1.373 2815.8 308.5
1.374 2814.0 308.6
1.375 2812.3 308.7
1.376 2810.6 308.8
1.377 2808.8 308.8
1.378 2807.1 308.9
1.379 2805.3 309.0
1.380 2803.6 309.1
1.381 2801.9 309.1
1.382 2800.1 309.2
1.383 2798.4 309.3
1.384 2796.7 309.4
1.385 2794.9 309.4
1.386 2793.2 309.5
1.387 2791.4 309.6
1.388 2789.7 309.7
1.389 2788.0 309.7
1.390 2786.2 309.8
1.391 2784.5 309.9
1.392 2782.8 310.0
1.393 2781.0 310.0
1.394 2779.3 310.1
1.395 2777.6 310.2
1.396 2775.9 310.3
1.397 2774.1 310.3
1.398 2772.4 310.4
1.399 2770.7 310.5
1.400 2768.9 310.5
1.401 2767.2 310.6
1.402 2765.5 310.7
1.403 2763.8 310.8
1.404 2762.0 310.8
1.405 2760.3 310.9
1.406 2758.6 311.0
1.407 2756.9 311.1
1.408 2755.1 311.1
1.409 2753.4 311.2
1.410 2751.7 311.3
1.411 2750.0 311.4
1.412 2748.3 311.4
1.413 2746.5 311.5
1.414 2744.8 311.6
1.415 2743.1 311.6
1.416 2741.4 311.7
1.417 2739.7 311.8
1.418 2737.9 311.9
1.419 2736.2 311.9
1.420 2734.5 312.0
1.421 2732.8 312.1
1.422 2731.1 312.2
1.423 2729.4 312.2
1.424 2727.7 312.3
1.425 2725.9 312.4
1.426 2724.2 312.4
1.427 2722.5 312.5
1.428 2720.8 312.6
1.429 2719.1 312.7
1.430 2717.4 312.7
1.431 2715.7 312.8
1.432 2714.0 312.9
1.433 2712.3 312.9
1.434 2710.5 313.0
1.435 2708.8 313.1
1.436 2707.1 313.2
1.437 2705.4 313.2
1.438 2703.7 313.3
1.439 2702.0 313.4
1.440 2700.3 313.4
1.441 2698.6 313.5
1.442 2696.9 313.6
1.443 2695.2 313.7
1.444 2693.5 313.7
1.445 2691.8 313.8
1.446 2690.1 313.9
1.447 2688.4 313.9
1.448 2686.7 314.0
1.449 2685.0 314.1
1.450 2683.3 314.2
1.451 2681.6 314.2
1.452 2679.9 314.3
1.453 2678.2 314.4
1.454 2676.5 314.4
1.455 2674.8 314.5
1.456 2673.1 314.6
1.457 2671.4 314.7
1.458 2669.7 314.7
1.459 2668.1 314.8
1.460 2666.4 314.9
1.461 2664.7 314.9
1.462 2663.0 315.0
1.463 2661.3 315.1
1.464 2659.6 315.1
1.465 2657.9 315.2
1.466 2656.2 315.3
1.467 2654.5 315.4
1.468 2652.8 315.4
1.469 2651.2 315.5
1.470 2649.5 315.6
1.471 2647.8 315.6
1.472 2646.1 315.7
1.473 2644.4 315.8
1.474 2642.7 315.8
1.475 2641.1 315.9
1.476 2639.4 316.0
1.477 2637.7 316.0
1.478 2636.0 316.1
1.479 2634.3 316.2
1.480 2632.7 316.3
1.481 2631.0 316.3
1.482 2629.3 316.4
1.483 2627.6 316.5
1.484 2625.9 316.5
1.485 2624.3 316.6
1.486 2622.6 316.7
1.487 2620.9 316.7
1.488 2619.2 316.8
1.489 2617.6 316.9
1.490 2615.9 316.9
1.491 2614.2 317.0
1.492 2612.5 317.1
1.493 2610.9 317.2
1.494 2609.2 317.2
1.495 2607.5 317.3
1.496 2605.9 317.4
1.497 2604.2 317.4
1.498 2602.5 317.5
1.499 2600.9 317.6
1.500 2599.2 317.6
1.501 2597.5 317.7
1.502 2595.8 317.8
1.503 2594.2 317.8
1.504 2592.5 317.9
1.505 2590.9 318.0
1.506 2589.2 318.0
1.507 2587.5 318.1
1.508 2585.9 318.2
1.509 2584.2 318.2
1.510 2582.5 318.3
1.511 2580.9 318.4
1.512 2579.2 318.4
1.513 2577.6 318.5
1.514 2575.9 318.6
1.515 2574.2 318.6
1.516 2572.6 318.7
1.517 2570.9 318.8
1.518 2569.3 318.8
1.519 2567.6 318.9
1.520 2566.0 319.0
1.521 2564.3 319.0
1.522 2562.7 319.1
1.523 2561.0 319.2
1.524 2559.3 319.2
1.525 2557.7 319.3
1.526 2556.0 319.4
1.527 2554.4 319.4
1.528 2552.7 319.5
1.529 2551.1 319.6
1.530 2549.4 319.6
1.531 2547.8 319.7
1.532 2546.1 319.8
1.533 2544.5 319.8
1.534 2542.9 319.9
1.535 2541.2 320.0
1.536 2539.6 320.0
1.537 2537.9 320.1
1.538 2536.3 320.2
1.539 2534.6 320.2
1.540 2533.0 320.3
1.541 2531.3 320.4
1.542 2529.7 320.4
1.543 2528.1 320.5
1.544 2526.4 320.6
1.545 2524.8 320.6
1.546 2523.1 320.7
1.547 2521.5 320.8
1.548 2519.9 320.8
1.549 2518.2 320.9
1.550 2516.6 321.0
1.551 2515.0 321.0
1.552 2513.3 321.1
1.553 2511.7 321.2
1.554 2510.1 321.2
1.555 2508.4 321.3
1.556 2506.8 321.4
1.557 2505.2 321.4
1.558 2503.5 321.5
1.559 2501.9 321.6
1.560 2500.3 321.6
1.561 2498.6 321.7
1.562 2497.0 321.7
1.563 2495.4 321.8
1.564 2493.7 321.9
1.565 2492.1 321.9
1.566 2490.5 322.0
1.567 2488.9 322.1
1.568 2487.2 322.1
1.569 2485.6 322.2
1.570 2484.0 322.3
1.571 2482.4 322.3
1.572 2480.7 322.4
1.573 2479.1 322.5
1.574 2477.5 322.5
1.575 2475.9 322.6
1.576 2474.3 322.7
1.577 2472.6 322.7
1.578 2471.0 322.8
1.579 2469.4 322.8
1.580 2467.8 322.9
1.581 2466.2 323.0
1.582 2464.6 323.0
1.583 2462.9 323.1
1.584 2461.3 323.2
1.585 2459.7 323.2
1.586 2458.1 323.3
1.587 2456.5 323.4
1.588 2454.9 323.4
1.589 2453.3 323.5
1.590 2451.6 323.5
1.591 2450.0 323.6
1.592 2448.4 323.7
1.593 2446.8 323.7
1.594 2445.2 323.8
1.595 2443.6 323.9
1.596 2442.0 323.9
1.597 2440.4 324.0
1.598 2438.8 324.0
1.599 2437.2 324.1
1.600 2435.6 324.2
1.601 2434.0 324.2
1.602 2432.4 324.3
1.603 2430.8 324.4
1.604 2429.2 324.4
1.605 2427.6 324.5
1.606 2426.0 324.6
1.607 2424.4 324.6
1.608 2422.8 324.7
1.609 2421.2 324.7
1.610 2419.6 324.8
1.611 2418.0 324.9
1.612 2416.4 324.9
1.613 2414.8 325.0
1.614 2413.2 325.1
1.615 2411.6 325.1
1.616 2410.0 325.2
1.617 2408.4 325.2
1.618 2406.8 325.3
1.619 2405.2 325.4
1.620 2403.6 325.4
1.621 2402.0 325.5
1.622 2400.4 325.5
1.623 2398.8 325.6
1.624 2397.3 325.7
1.625 2395.7 325.7
1.626 2394.1 325.8
1.627 2392.5 325.9
1.628 2390.9 325.9
1.629 2389.3 326.0
1.630 2387.7 326.0
1.631 2386.2 326.1
1.632 2384.6 326.2
1.633 2383.0 326.2
1.634 2381.4 326.3
1.635 2379.8 326.3
1.636 2378.2 326.4
1.637 2376.7 326.5
1.638 2375.1 326.5
1.639 2373.5 326.6
1.640 2371.9 326.6
1.641 2370.3 326.7
1.642 2368.8 326.8
1.643 2367.2 326.8
1.644 2365.6 326.9
1.645 2364.0 327.0
1.646 2362.5 327.0
1.647 2360.9 327.1
1.648 2359.3 327.1
1.649 2357.8 327.2
1.650 2356.2 327.3
1.651 2354.6 327.3
1.652 2353.0 327.4
1.653 2351.5 327.4
1.654 2349.9 327.5
1.655 2348.3 327.6
1.656 2346.8 327.6
1.657 2345.2 327.7
1.658 2343.6 327.7
1.659 2342.1 327.8
1.660 2340.5 327.9
1.661 2338.9 327.9
1.662 2337.4 328.0
1.663 2335.8 328.0
1.664 2334.2 328.1
1.665 2332.7 328.2
1.666 2331.1 328.2
1.667 2329.6 328.3
1.668 2328.0 328.3
1.669 2326.4 328.4
1.670 2324.9 328.5
1.671 2323.3 328.5
1.672 2321.8 328.6
1.673 2320.2 328.6
1.674 2318.7 328.7
1.675 2317.1 328.7
1.676 2315.5 328.8
1.677 2314.0 328.9
1.678 2312.4 328.9
1.679 2310.9 329.0
1.680 2309.3 329.0
1.681 2307.8 329.1
1.682 2306.2 329.2
1.683 2304.7 329.2
1.684 2303.1 329.3
1.685 2301.6 329.3
1.686 2300.0 329.4
1.687 2298.5 329.5
1.688 2297.0 329.5
1.689 2295.4 329.6
1.690 2293.9 329.6
1.691 2292.3 329.7
1.692 2290.8 329.7
1.693 2289.2 329.8
1.694 2287.7 329.9
1.695 2286.1 329.9
1.696 2284.6 330.0
1.697 2283.1 330.0
1.698 2281.5 330.1
1.699 2280.0 330.2
1.700 2278.5 330.2
1.701 2276.9 330.3
1.702 2275.4 330.3
1.703 2273.8 330.4
1.704 2272.3 330.4
1.705 2270.8 330.5
1.706 2269.2 330.6
1.707 2267.7 330.6
1.708 2266.2 330.7
1.709 2264.6 330.7
1.710 2263.1 330.8
1.711 2261.6 330.8
1.712 2260.0 330.9
1.713 2258.5 331.0
1.714 2257.0 331.0
1.715 2255.5 331.1
1.716 2253.9 331.1
1.717 2252.4 331.2
1.718 2250.9 331.2
1.719 2249.4 331.3
1.720 2247.8 331.4
1.721 2246.3 331.4
1.722 2244.8 331.5
1.723 2243.3 331.5
1.724 2241.7 331.6
1.725 2240.2 331.6
1.726 2238.7 331.7
1.727 2237.2 331.8
1.728 2235.7 331.8
1.729 2234.1 331.9
1.730 2232.6 331.9
1.731 2231.1 332.0
1.732 2229.6 332.0
1.733 2228.1 332.1
1.734 2226.6 332.1
1.735 2225.1 332.2
1.736 2223.5 332.3
1.737 2222.0 332.3
1.738 2220.5 332.4
1.739 2219.0 332.4
1.740 2217.5 332.5
1.741 2216.0 332.5
1.742 2214.5 332.6
1.743 2213.0 332.7
1.744 2211.5 332.7
1.745 2210.0 332.8
1.746 2208.4 332.8
1.747 2206.9 332.9
1.748 2205.4 332.9
1.749 2203.9 333.0
1.750 2202.4 333.0
1.751 2200.9 333.1
1.752 2199.4 333.2
1.753 2197.9 333.2
1.754 2196.4 333.3
1.755 2194.9 333.3
1.756 2193.4 333.4
1.757 2191.9 333.4
1.758 2190.4 333.5
1.759 2188.9 333.5
1.760 2187.4 333.6
1.761 2185.9 333.7
1.762 2184.4 333.7
1.763 2183.0 333.8
1.764 2181.5 333.8
1.765 2180.0 333.9
1.766 2178.5 333.9
1.767 2177.0 334.0
1.768 2175.5 334.0
1.769 2174.0 334.1
1.770 2172.5 334.1
1.771 2171.0 334.2
1.772 2169.5 334.3
1.773 2168.0 334.3
1.774 2166.6 334.4
1.775 2165.1 334.4
1.776 2163.6 334.5
1.777 2162.1 334.5
1.778 2160.6 334.6
1.779 2159.1 334.6
1.780 2157.7 334.7
1.781 2156.2 334.7
1.782 2154.7 334.8
1.783 2153.2 334.8
1.784 2151.7 334.9
1.785 2150.3 335.0
1.786 2148.8 335.0
1.787 2147.3 335.1
1.788 2145.8 335.1
1.789 2144.3 335.2
1.790 2142.9 335.2
1.791 2141.4 335.3
1.792 2139.9 335.3
1.793 2138.4 335.4
1.794 2137.0 335.4
1.795 2135.5 335.5
1.796 2134.0 335.5
1.797 2132.6 335.6
1.798 2131.1 335.7
1.799 2129.6 335.7
1.800 2128.2 335.8
1.801 2126.7 335.8
1.802 2125.2 335.9
1.803 2123.8 335.9
1.804 2122.3 336.0
1.805 2120.8 336.0
1.806 2119.4 336.1
1.807 2117.9 336.1
1.808 2116.4 336.2
1.809 2115.0 336.2
1.810 2113.5 336.3
1.811 2112.0 336.3
1.812 2110.6 336.4
1.813 2109.1 336.4
1.814 2107.7 336.5
1.815 2106.2 336.5
1.816 2104.8 336.6
1.817 2103.3 336.7
1.818 2101.8 336.7
1.819 2100.4 336.8
1.820 2098.9 336.8
1.821 2097.5 336.9
1.822 2096.0 336.9
1.823 2094.6 337.0
1.824 2093.1 337.0
1.825 2091.7 337.1
1.826 2090.2 337.1
1.827 2088.8 337.2
1.828 2087.3 337.2
1.829 2085.9 337.3
1.830 2084.4 337.3
1.831 2083.0 337.4
1.832 2081.5 337.4
1.833 2080.1 337.5
1.834 2078.6 337.5
1.835 2077.2 337.6
1.836 2075.8 337.6
1.837 2074.3 337.7
1.838 2072.9 337.7
1.839 2071.4 337.8
1.840 2070.0 337.8
1.841 2068.6 337.9
1.842 2067.1 337.9
1.843 2065.7 338.0
1.844 2064.2 338.1
1.845 2062.8 338.1
1.846 2061.4 338.2
1.847 2059.9 338.2
1.848 2058.5 338.3
1.849 2057.1 338.3
1.850 2055.6 338.4
1.851 2054.2 338.4
1.852 2052.8 338.5
1.853 2051.3 338.5
1.854 2049.9 338.6
1.855 2048.5 338.6
1.856 2047.0 338.7
1.857 2045.6 338.7
1.858 2044.2 338.8
1.859 2042.8 338.8
1.860 2041.3 338.9
1.861 2039.9 338.9
1.862 2038.5 339.0
1.863 2037.1 339.0
1.864 2035.6 339.1
1.865 2034.2 339.1
1.866 2032.8 339.2
1.867 2031.4 339.2
1.868 2030.0 339.3
1.869 2028.5 339.3
1.870 2027.1 339.4
1.871 2025.7 339.4
1.872 2024.3 339.5
1.873 2022.9 339.5
1.874 2021.5 339.6
1.875 2020.0 339.6
1.876 2018.6 339.7
1.877 2017.2 339.7
1.878 2015.8 339.8
1.879 2014.4 339.8
1.880 2013.0 339.9
1.881 2011.6 339.9
1.882 2010.1 340.0
1.883 2008.7 340.0
1.884 2007.3 340.1
1.885 2005.9 340.1
1.886 2004.5 340.2
1.887 2003.1 340.2
1.888 2001.7 340.3
1.889 2000.3 340.3
1.890 1998.9 340.4
1.891 1997.5 340.4
1.892 1996.1 340.5
1.893 1994.7 340.5
1.894 1993.3 340.6
1.895 1991.9 340.6
1.896 1990.5 340.6
1.897 1989.1 340.7
1.898 1987.7 340.7
1.899 1986.3 340.8
1.900 1984.9 340.8
1.901 1983.5 340.9
1.902 1982.1 340.9
1.903 1980.7 341.0
1.904 1979.3 341.0
1.905 1977.9 341.1
1.906 1976.5 341.1
1.907 1975.1 341.2
1.908 1973.7 341.2
1.909 1972.3 341.3
1.910 1970.9 341.3
1.911 1969.6 341.4
1.912 1968.2 341.4
1.913 1966.8 341.5
1.914 1965.4 341.5
1.915 1964.0 341.6
1.916 1962.6 341.6
1.917 1961.2 341.7
1.918 1959.8 341.7
1.919 1958.5 341.8
1.920 1957.1 341.8
1.921 1955.7 341.9
1.922 1954.3 341.9
1.923 1952.9 342.0
1.924 1951.6 342.0
1.925 1950.2 342.0
1.926 1948.8 342.1
1.927 1947.4 342.1
1.928 1946.0 342.2
1.929 1944.7 342.2
1.930 1943.3 342.3
1.931 1941.9 342.3
1.932 1940.5 342.4
1.933 1939.2 342.4
1.934 1937.8 342.5
1.935 1936.4 342.5
1.936 1935.0 342.6
1.937 1933.7 342.6
1.938 1932.3 342.7
1.939 1930.9 342.7
1.940 1929.6 342.8
1.941 1928.2 342.8
1.942 1926.8 342.8
1.943 1925.5 342.9
1.944 1924.1 342.9
1.945 1922.7 343.0
1.946 1921.4 343.0
1.947 1920.0 343.1
1.948 1918.6 343.1
1.949 1917.3 343.2
1.950 1915.9 343.2
1.951 1914.5 343.3
1.952 1913.2 343.3
1.953 1911.8 343.4
1.954 1910.5 343.4
1.955 1909.1 343.5
1.956 1907.7 343.5
1.957 1906.4 343.5
1.958 1905.0 343.6
1.959 1903.7 343.6
1.960 1902.3 343.7
1.961 1901.0 343.7
1.962 1899.6 343.8
1.963 1898.3 343.8
1.964 1896.9 343.9
1.965 1895.6 343.9
1.966 1894.2 344.0
1.967 1892.8 344.0
1.968 1891.5 344.1
1.969 1890.2 344.1
1.970 1888.8 344.1
1.971 1887.5 344.2
1.972 1886.1 344.2
1.973 1884.8 344.3
1.974 1883.4 344.3
1.975 1882.1 344.4
1.976 1880.7 344.4
1.977 1879.4 344.5
1.978 1878.0 344.5
1.979 1876.7 344.6
1.980 1875.4 344.6
1.981 1874.0 344.6
1.982 1872.7 344.7
1.983 1871.3 344.7
1.984 1870.0 344.8
1.985 1868.7 344.8
1.986 1867.3 344.9
1.987 1866.0 344.9
1.988 1864.7 345.0
1.989 1863.3 345.0
1.990 1862.0 345.0
1.991 1860.6 345.1
1.992 1859.3 345.1
1.993 1858.0 345.2
1.994 1856.7 345.2
1.995 1855.3 345.3
1.996 1854.0 345.3
1.997 1852.7 345.4
1.998 1851.3 345.4
1.999 1850.0 345.4
2.000 1848.7 345.5
2.001 1847.3 345.5
2.002 1846.0 345.6
2.003 1844.7 345.6
2.004 1843.4 345.7
2.005 1842.0 345.7
2.006 1840.7 345.8
2.007 1839.4 345.8
2.008 1838.1 345.8
2.009 1836.8 345.9
2.010 1835.4 345.9
2.011 1834.1 346.0
2.012 1832.8 346.0
2.013 1831.5 346.1
2.014 1830.2 346.1
2.015 1828.8 346.2
2.016 1827.5 346.2
2.017 1826.2 346.2
2.018 1824.9 346.3
2.019 1823.6 346.3
2.020 1822.3 346.4
2.021 1821.0 346.4
2.022 1819.6 346.5
2.023 1818.3 346.5
2.024 1817.0 346.5
2.025 1815.7 346.6
2.026 1814.4 346.6
2.027 1813.1 346.7
2.028 1811.8 346.7
2.029 1810.5 346.8
2.030 1809.2 346.8
2.031 1807.9 346.8
2.032 1806.6 346.9
2.033 1805.3 346.9
2.034 1804.0 347.0
2.035 1802.6 347.0
2.036 1801.3 347.1
2.037 1800.0 347.1
2.038 1798.7 347.1
2.039 1797.4 347.2
2.040 1796.1 347.2
2.041 1794.8 347.3
2.042 1793.5 347.3
2.043 1792.2 347.4
2.044 1790.9 347.4
2.045 1789.7 347.4
2.046 1788.4 347.5
2.047 1787.1 347.5
2.048 1785.8 347.6
2.049 1784.5 347.6
2.050 1783.2 347.7
2.051 1781.9 347.7
2.052 1780.6 347.7
2.053 1779.3 347.8
2.054 1778.0 347.8
2.055 1776.7 347.9
2.056 1775.4 347.9
2.057 1774.1 348.0
2.058 1772.9 348.0
2.059 1771.6 348.0
2.060 1770.3 348.1
2.061 1769.0 348.1
2.062 1767.7 348.2
2.063 1766.4 348.2
2.064 1765.1 348.2
2.065 1763.9 348.3
2.066 1762.6 348.3
2.067 1761.3 348.4
2.068 1760.0 348.4
2.069 1758.7 348.5
2.070 1757.5 348.5
2.071 1756.2 348.5
2.072 1754.9 348.6
2.073 1753.6 348.6
2.074 1752.3 348.7
2.075 1751.1 348.7
2.076 1749.8 348.7
2.077 1748.5 348.8
2.078 1747.2 348.8
2.079 1746.0 348.9
2.080 1744.7 348.9
2.081 1743.4 349.0
2.082 1742.2 349.0
2.083 1740.9 349.0
2.084 1739.6 349.1
2.085 1738.3 349.1
2.086 1737.1 349.2
2.087 1735.8 349.2
2.088 1734.5 349.2
2.089 1733.3 349.3
2.090 1732.0 349.3
2.091 1730.7 349.4
2.092 1729.5 349.4
2.093 1728.2 349.4
2.094 1726.9 349.5
2.095 1725.7 349.5
2.096 1724.4 349.6
2.097 1723.2 349.6
2.098 1721.9 349.6
2.099 1720.6 349.7
2.100 1719.4 349.7
2.101 1718.1 349.8
2.102 1716.9 349.8
2.103 1715.6 349.8
2.104 1714.3 349.9
2.105 1713.1 349.9
2.106 1711.8 350.0
2.107 1710.6 350.0
2.108 1709.3 350.0
2.109 1708.1 350.1
2.110 1706.8 350.1
2.111 1705.6 350.2
2.112 1704.3 350.2
2.113 1703.1 350.2
2.114 1701.8 350.3
2.115 1700.6 350.3
2.116 1699.3 350.4
2.117 1698.1 350.4
2.118 1696.8 350.4
2.119 1695.6 350.5
2.120 1694.3 350.5
2.121 1693.1 350.6
2.122 1691.8 350.6
2.123 1690.6 350.6
2.124 1689.3 350.7
2.125 1688.1 350.7
2.126 1686.9 350.8
2.127 1685.6 350.8
2.128 1684.4 350.8
2.129 1683.1 350.9
2.130 1681.9 350.9
2.131 1680.7 351.0
2.132 1679.4 351.0
2.133 1678.2 351.0
2.134 1676.9 351.1
2.135 1675.7 351.1
2.136 1674.5 351.2
2.137 1673.2 351.2
2.138 1672.0 351.2
2.139 1670.8 351.3
2.140 1669.5 351.3
2.141 1668.3 351.4
2.142 1667.1 351.4
2.143 1665.8 351.4
2.144 1664.6 351.5
2.145 1663.4 351.5
2.146 1662.2 351.5
2.147 1660.9 351.6
2.148 1659.7 351.6
2.149 1658.5 351.7
2.150 1657.2 351.7
2.151 1656.0 351.7
2.152 1654.8 351.8
2.153 1653.6 351.8
2.154 1652.3 351.9
2.155 1651.1 351.9
2.156 1649.9 351.9
2.157 1648.7 352.0
2.158 1647.5 352.0
2.159 1646.2 352.0
2.160 1645.0 352.1
2.161 1643.8 352.1
2.162 1642.6 352.2
2.163 1641.4 352.2
2.164 1640.1 352.2
2.165 1638.9 352.3
2.166 1637.7 352.3
2.167 1636.5 352.3
2.168 1635.3 352.4
2.169 1634.1 352.4
2.170 1632.8 352.5
2.171 1631.6 352.5
2.172 1630.4 352.5
2.173 1629.2 352.6
2.174 1628.0 352.6
2.175 1626.8 352.6
2.176 1625.6 352.7
2.177 1624.4 352.7
2.178 1623.2 352.8
2.179 1622.0 352.8
2.180 1620.7 352.8
2.181 1619.5 352.9
2.182 1618.3 352.9
2.183 1617.1 352.9
2.184 1615.9 353.0
2.185 1614.7 353.0
2.186 1613.5 353.1
2.187 1612.3 353.1
2.188 1611.1 353.1
2.189 1609.9 353.2
2.190 1608.7 353.2
2.191 1607.5 353.2
2.192 1606.3 353.3
2.193 1605.1 353.3
2.194 1603.9 353.4
2.195 1602.7 353.4
2.196 1601.5 353.4
2.197 1600.3 353.5
2.198 1599.1 353.5
2.199 1597.9 353.5
2.200 1596.7 353.6
2.201 1595.5 353.6
2.202 1594.3 353.6
2.203 1593.2 353.7
2.204 1592.0 353.7
2.205 1590.8 353.8
2.206 1589.6 353.8
2.207 1588.4 353.8
2.208 1587.2 353.9
2.209 1586.0 353.9
2.210 1584.8 353.9
2.211 1583.6 354.0
2.212 1582.4 354.0
2.213 1581.3 354.0
2.214 1580.1 354.1
2.215 1578.9 354.1
2.216 1577.7 354.2
2.217 1576.5 354.2
2.218 1575.3 354.2
2.219 1574.2 354.3
2.220 1573.0 354.3
2.221 1571.8 354.3
2.222 1570.6 354.4
2.223 1569.4 354.4
2.224 1568.2 354.4
2.225 1567.1 354.5
2.226 1565.9 354.5
2.227 1564.7 354.5
2.228 1563.5 354.6
2.229 1562.4 354.6
2.230 1561.2 354.7
2.231 1560.0 354.7
2.232 1558.8 354.7
2.233 1557.7 354.8
2.234 1556.5 354.8
2.235 1555.3 354.8
2.236 1554.1 354.9
2.237 1553.0 354.9
2.238 1551.8 354.9
2.239 1550.6 355.0
2.240 1549.5 355.0
2.241 1548.3 355.0
2.242 1547.1 355.1
2.243 1546.0 355.1
2.244 1544.8 355.1
2.245 1543.6 355.2
2.246 1542.5 355.2
2.247 1541.3 355.3
2.248 1540.1 355.3
2.249 1539.0 355.3
2.250 1537.8 355.4
2.251 1536.6 355.4
2.252 1535.5 355.4
2.253 1534.3 355.5
2.254 1533.2 355.5
2.255 1532.0 355.5
2.256 1530.8 355.6
2.257 1529.7 355.6
2.258 1528.5 355.6
2.259 1527.4 355.7
2.260 1526.2 355.7
2.261 1525.0 355.7
2.262 1523.9 355.8
2.263 1522.7 355.8
2.264 1521.6 355.8
2.265 1520.4 355.9
2.266 1519.3 355.9
2.267 1518.1 355.9
2.268 1517.0 356.0
2.269 1515.8 356.0
2.270 1514.7 356.0
2.271 1513.5 356.1
2.272 1512.4 356.1
2.273 1511.2 356.1
2.274 1510.1 356.2
2.275 1508.9 356.2
2.276 1507.8 356.2
2.277 1506.6 356.3
2.278 1505.5 356.3
2.279 1504.3 356.3
2.280 1503.2 356.4
2.281 1502.0 356.4
2.282 1500.9 356.5
2.283 1499.8 356.5
2.284 1498.6 356.5
2.285 1497.5 356.6
2.286 1496.3 356.6
2.287 1495.2 356.6
2.288 1494.0 356.7
2.289 1492.9 356.7
2.290 1491.8 356.7
2.291 1490.6 356.8
2.292 1489.5 356.8
2.293 1488.4 356.8
2.294 1487.2 356.9
2.295 1486.1 356.9
2.296 1485.0 356.9
2.297 1483.8 357.0
2.298 1482.7 357.0
2.299 1481.5 357.0
2.300 1480.4 357.1
2.301 1479.3 357.1
2.302 1478.2 357.1
2.303 1477.0 357.1
2.304 1475.9 357.2
2.305 1474.8 357.2
2.306 1473.6 357.2
2.307 1472.5 357.3
2.308 1471.4 357.3
2.309 1470.2 357.3
2.310 1469.1 357.4
2.311 1468.0 357.4
2.312 1466.9 357.4
2.313 1465.7 357.5
2.314 1464.6 357.5
2.315 1463.5 357.5
2.316 1462.4 357.6
2.317 1461.3 357.6
2.318 1460.1 357.6
2.319 1459.0 357.7
2.320 1457.9 357.7
2.321 1456.8 357.7
2.322 1455.6 357.8
2.323 1454.5 357.8
2.324 1453.4 357.8
2.325 1452.3 357.9
2.326 1451.2 357.9
2.327 1450.1 357.9
2.328 1448.9 358.0
2.329 1447.8 358.0
2.330 1446.7 358.0
2.331 1445.6 358.1
2.332 1444.5 358.1
2.333 1443.4 358.1
2.334 1442.3 358.2
2.335 1441.1 358.2
2.336 1440.0 358.2
2.337 1438.9 358.2
2.338 1437.8 358.3
2.339 1436.7 358.3
2.340 1435.6 358.3
2.341 1434.5 358.4
2.342 1433.4 358.4
2.343 1432.3 358.4
2.344 1431.2 358.5
2.345 1430.1 358.5
2.346 1429.0 358.5
2.347 1427.9 358.6
2.348 1426.7 358.6
2.349 1425.6 358.6
2.350 1424.5 358.7
2.351 1423.4 358.7
2.352 1422.3 358.7
2.353 1421.2 358.8
2.354 1420.1 358.8
2.355 1419.0 358.8
2.356 1417.9 358.8
2.357 1416.8 358.9
2.358 1415.7 358.9
2.359 1414.6 358.9
2.360 1413.5 359.0
2.361 1412.4 359.0
2.362 1411.4 359.0
2.363 1410.3 359.1
2.364 1409.2 359.1
2.365 1408.1 359.1
2.366 1407.0 359.2
2.367 1405.9 359.2
2.368 1404.8 359.2
2.369 1403.7 359.2
2.370 1402.6 359.3
2.371 1401.5 359.3
2.372 1400.4 359.3
2.373 1399.3 359.4
2.374 1398.2 359.4
2.375 1397.2 359.4
2.376 1396.1 359.5
2.377 1395.0 359.5
2.378 1393.9 359.5
2.379 1392.8 359.6
2.380 1391.7 359.6
2.381 1390.6 359.6
2.382 1389.6 359.6
2.383 1388.5 359.7
2.384 1387.4 359.7
2.385 1386.3 359.7
2.386 1385.2 359.8
2.387 1384.1 359.8
2.388 1383.1 359.8
2.389 1382.0 359.9
2.390 1380.9 359.9
2.391 1379.8 359.9
2.392 1378.7 359.9
2.393 1377.7 360.0
2.394 1376.6 360.0
2.395 1375.5 360.0
2.396 1374.4 360.1
2.397 1373.4 360.1
2.398 1372.3 360.1
2.399 1371.2 360.1
2.400 1370.1 360.2
2.401 1369.1 360.2
2.402 1368.0 360.2
2.403 1366.9 360.3
2.404 1365.9 360.3
2.405 1364.8 360.3
2.406 1363.7 360.4
2.407 1362.6 360.4
2.408 1361.6 360.4
2.409 1360.5 360.4
2.410 1359.4 360.5
2.411 1358.4 360.5
2.412 1357.3 360.5
2.413 1356.2 360.6
2.414 1355.2 360.6
2.415 1354.1 360.6
2.416 1353.0 360.6
2.417 1352.0 360.7
2.418 1350.9 360.7
2.419 1349.9 360.7
2.420 1348.8 360.8
2.421 1347.7 360.8
2.422 1346.7 360.8
2.423 1345.6 360.9
2.424 1344.5 360.9
2.425 1343.5 360.9
2.426 1342.4 360.9
2.427 1341.4 361.0
2.428 1340.3 361.0
2.429 1339.3 361.0
2.430 1338.2 361.1
2.431 1337.1 361.1
2.432 1336.1 361.1
2.433 1335.0 361.1
2.434 1334.0 361.2
2.435 1332.9 361.2
2.436 1331.9 361.2
2.437 1330.8 361.3
2.438 1329.8 361.3
2.439 1328.7 361.3
2.440 1327.7 361.3
2.441 1326.6 361.4
2.442 1325.6 361.4
2.443 1324.5 361.4
2.444 1323.5 361.5
2.445 1322.4 361.5
2.446 1321.4 361.5
2.447 1320.3 361.5
2.448 1319.3 361.6
2.449 1318.2 361.6
2.450 1317.2 361.6
2.451 1316.1 361.6
2.452 1315.1 361.7
2.453 1314.1 361.7
2.454 1313.0 361.7
2.455 1312.0 361.8
2.456 1310.9 361.8
2.457 1309.9 361.8
2.458 1308.8 361.8
2.459 1307.8 361.9
2.460 1306.8 361.9
2.461 1305.7 361.9
2.462 1304.7 362.0
2.463 1303.7 362.0
2.464 1302.6 362.0
2.465 1301.6 362.0
2.466 1300.5 362.1
2.467 1299.5 362.1
2.468 1298.5 362.1
2.469 1297.4 362.1
2.470 1296.4 362.2
2.471 1295.4 362.2
2.472 1294.3 362.2
2.473 1293.3 362.3
2.474 1292.3 362.3
2.475 1291.2 362.3
2.476 1290.2 362.3
2.477 1289.2 362.4
2.478 1288.1 362.4
2.479 1287.1 362.4
2.480 1286.1 362.4
2.481 1285.1 362.5
2.482 1284.0 362.5
2.483 1283.0 362.5
2.484 1282.0 362.6
2.485 1281.0 362.6
2.486 1279.9 362.6
2.487 1278.9 362.6
2.488 1277.9 362.7
2.489 1276.9 362.7
2.490 1275.8 362.7
2.491 1274.8 362.7
2.492 1273.8 362.8
2.493 1272.8 362.8
2.494 1271.8 362.8
2.495 1270.7 362.8
2.496 1269.7 362.9
2.497 1268.7 362.9
2.498 1267.7 362.9
2.499 1266.7 363.0
2.500 1265.6 363.0
2.501 1264.6 363.0
2.502 1263.6 363.0
2.503 1262.6 363.1
2.504 1261.6 363.1
2.505 1260.6 363.1
2.506 1259.6 363.1
2.507 1258.5 363.2
2.508 1257.5 363.2
2.509 1256.5 363.2
2.510 1255.5 363.2
2.511 1254.5 363.3
2.512 1253.5 363.3
2.513 1252.5 363.3
2.514 1251.5 363.3
2.515 1250.5 363.4
2.516 1249.4 363.4
2.517 1248.4 363.4
2.518 1247.4 363.5
2.519 1246.4 363.5
2.520 1245.4 363.5
2.521 1244.4 363.5
2.522 1243.4 363.6
2.523 1242.4 363.6
2.524 1241.4 363.6
2.525 1240.4 363.6
2.526 1239.4 363.7
2.527 1238.4 363.7
2.528 1237.4 363.7
2.529 1236.4 363.7
2.530 1235.4 363.8
2.531 1234.4 363.8
2.532 1233.4 363.8
2.533 1232.4 363.8
2.534 1231.4 363.9
2.535 1230.4 363.9
2.536 1229.4 363.9
2.537 1228.4 363.9
2.538 1227.4 364.0
2.539 1226.4 364.0
2.540 1225.4 364.0
2.541 1224.4 364.0
2.542 1223.4 364.1
2.543 1222.4 364.1
2.544 1221.4 364.1
2.545 1220.4 364.1
2.546 1219.5 364.2
2.547 1218.5 364.2
2.548 1217.5 364.2
2.549 1216.5 364.2
2.550 1215.5 364.3
2.551 1214.5 364.3
2.552 1213.5 364.3
2.553 1212.5 364.3
2.554 1211.5 364.4
2.555 1210.5 364.4
2.556 1209.6 364.4
2.557 1208.6 364.4
2.558 1207.6 364.5
2.559 1206.6 364.5
2.560 1205.6 364.5
2.561 1204.6 364.5
2.562 1203.7 364.6
2.563 1202.7 364.6
2.564 1201.7 364.6
2.565 1200.7 364.6
2.566 1199.7 364.7
2.567 1198.7 364.7
2.568 1197.8 364.7
2.569 1196.8 364.7
2.570 1195.8 364.8
2.571 1194.8 364.8
2.572 1193.9 364.8
2.573 1192.9 364.8
2.574 1191.9 364.9
2.575 1190.9 364.9
2.576 1190.0 364.9
2.577 1189.0 364.9
2.578 1188.0 364.9
2.579 1187.0 365.0
2.580 1186.1 365.0
2.581 1185.1 365.0
2.582 1184.1 365.0
2.583 1183.1 365.1
2.584 1182.2 365.1
2.585 1181.2 365.1
2.586 1180.2 365.1
2.587 1179.3 365.2
2.588 1178.3 365.2
2.589 1177.3 365.2
2.590 1176.4 365.2
2.591 1175.4 365.3
2.592 1174.4 365.3
2.593 1173.5 365.3
2.594 1172.5 365.3
2.595 1171.5 365.4
2.596 1170.6 365.4
2.597 1169.6 365.4
2.598 1168.6 365.4
2.599 1167.7 365.4
2.600 1166.7 365.5
2.601 1165.7 365.5
2.602 1164.8 365.5
2.603 1163.8 365.5
2.604 1162.9 365.6
2.605 1161.9 365.6
2.606 1160.9 365.6
2.607 1160.0 365.6
2.608 1159.0 365.7
2.609 1158.1 365.7
2.610 1157.1 365.7
2.611 1156.2 365.7
2.612 1155.2 365.8
2.613 1154.2 365.8
2.614 1153.3 365.8
2.615 1152.3 365.8
2.616 1151.4 365.8
2.617 1150.4 365.9
2.618 1149.5 365.9
2.619 1148.5 365.9
2.620 1147.6 365.9
2.621 1146.6 366.0
2.622 1145.7 366.0
2.623 1144.7 366.0
2.624 1143.8 366.0
2.625 1142.8 366.0
2.626 1141.9 366.1
2.627 1140.9 366.1
2.628 1140.0 366.1
2.629 1139.0 366.1
2.630 1138.1 366.2
2.631 1137.1 366.2
2.632 1136.2 366.2
2.633 1135.3 366.2
2.634 1134.3 366.3
2.635 1133.4 366.3
2.636 1132.4 366.3
2.637 1131.5 366.3
2.638 1130.5 366.3
2.639 1129.6 366.4
2.640 1128.7 366.4
2.641 1127.7 366.4
2.642 1126.8 366.4
2.643 1125.8 366.5
2.644 1124.9 366.5
2.645 1124.0 366.5
2.646 1123.0 366.5
2.647 1122.1 366.5
2.648 1121.1 366.6
2.649 1120.2 366.6
2.650 1119.3 366.6
2.651 1118.3 366.6
2.652 1117.4 366.7
2.653 1116.5 366.7
2.654 1115.5 366.7
2.655 1114.6 366.7
2.656 1113.7 366.7
2.657 1112.7 366.8
2.658 1111.8 366.8
2.659 1110.9 366.8
2.660 1110.0 366.8
2.661 1109.0 366.8
2.662 1108.1 366.9
2.663 1107.2 366.9
2.664 1106.2 366.9
2.665 1105.3 366.9
2.666 1104.4 367.0
2.667 1103.5 367.0
2.668 1102.5 367.0
2.669 1101.6 367.0
2.670 1100.7 367.0
2.671 1099.8 367.1
2.672 1098.8 367.1
2.673 1097.9 367.1
2.674 1097.0 367.1
2.675 1096.1 367.1
2.676 1095.1 367.2
2.677 1094.2 367.2
2.678 1093.3 367.2
2.679 1092.4 367.2
2.680 1091.5 367.3
2.681 1090.5 367.3
2.682 1089.6 367.3
2.683 1088.7 367.3
2.684 1087.8 367.3
2.685 1086.9 367.4
2.686 1086.0 367.4
2.687 1085.0 367.4
2.688 1084.1 367.4
2.689 1083.2 367.4
2.690 1082.3 367.5
2.691 1081.4 367.5
2.692 1080.5 367.5
2.693 1079.6 367.5
2.694 1078.6 367.5
2.695 1077.7 367.6
2.696 1076.8 367.6
2.697 1075.9 367.6
2.698 1075.0 367.6
2.699 1074.1 367.6
2.700 1073.2 367.7
2.701 1072.3 367.7
2.702 1071.4 367.7
2.703 1070.5 367.7
2.704 1069.6 367.8
2.705 1068.7 367.8
2.706 1067.8 367.8
2.707 1066.8 367.8
2.708 1065.9 367.8
2.709 1065.0 367.9
2.710 1064.1 367.9
2.711 1063.2 367.9
2.712 1062.3 367.9
2.713 1061.4 367.9
2.714 1060.5 368.0
2.715 1059.6 368.0
2.716 1058.7 368.0
2.717 1057.8 368.0
2.718 1056.9 368.0
2.719 1056.0 368.1
2.720 1055.1 368.1
2.721 1054.2 368.1
2.722 1053.3 368.1
2.723 1052.4 368.1
2.724 1051.5 368.2
2.725 1050.6 368.2
2.726 1049.8 368.2
2.727 1048.9 368.2
2.728 1048.0 368.2
2.729 1047.1 368.3
2.730 1046.2 368.3
2.731 1045.3 368.3
2.732 1044.4 368.3
2.733 1043.5 368.3
2.734 1042.6 368.4
2.735 1041.7 368.4
2.736 1040.8 368.4
2.737 1039.9 368.4
2.738 1039.1 368.4
2.739 1038.2 368.5
2.740 1037.3 368.5
2.741 1036.4 368.5
2.742 1035.5 368.5
2.743 1034.6 368.5
2.744 1033.7 368.5
2.745 1032.9 368.6
2.746 1032.0 368.6
2.747 1031.1 368.6
2.748 1030.2 368.6
2.749 1029.3 368.6
2.750 1028.4 368.7
2.751 1027.6 368.7
2.752 1026.7 368.7
2.753 1025.8 368.7
2.754 1024.9 368.7
2.755 1024.0 368.8
2.756 1023.2 368.8
2.757 1022.3 368.8
2.758 1021.4 368.8
2.759 1020.5 368.8
2.760 1019.7 368.9
2.761 1018.8 368.9
2.762 1017.9 368.9
2.763 1017.0 368.9
2.764 1016.2 368.9
2.765 1015.3 369.0
2.766 1014.4 369.0
2.767 1013.5 369.0
2.768 1012.7 369.0
2.769 1011.8 369.0
2.770 1010.9 369.0
2.771 1010.0 369.1
2.772 1009.2 369.1
2.773 1008.3 369.1
2.774 1007.4 369.1
2.775 1006.6 369.1
2.776 1005.7 369.2
2.777 1004.8 369.2
2.778 1004.0 369.2
2.779 1003.1 369.2
2.780 1002.2 369.2
2.781 1001.4 369.2
2.782 1000.5 369.3
2.783 999.6 369.3
2.784 998.8 369.3
2.785 997.9 369.3
2.786 997.1 369.3
2.787 996.2 369.4
2.788 995.3 369.4
2.789 994.5 369.4
2.790 993.6 369.4
2.791 992.7 369.4
2.792 991.9 369.5
2.793 991.0 369.5
2.794 990.2 369.5
2.795 989.3 369.5
2.796 988.5 369.5
2.797 987.6 369.5
2.798 986.7 369.6
2.799 985.9 369.6
2.800 985.0 369.6
2.801 984.2 369.6
2.802 983.3 369.6
2.803 982.5 369.6
2.804 981.6 369.7
2.805 980.8 369.7
2.806 979.9 369.7
2.807 979.1 369.7
2.808 978.2 369.7
2.809 977.4 369.8
2.810 976.5 369.8
2.811 975.7 369.8
2.812 974.8 369.8
2.813 974.0 369.8
2.814 973.1 369.8
2.815 972.3 369.9
2.816 971.4 369.9
2.817 970.6 369.9
2.818 969.7 369.9
2.819 968.9 369.9
2.820 968.0 369.9
2.821 967.2 370.0
2.822 966.4 370.0
2.823 965.5 370.0
2.824 964.7 370.0
2.825 963.8 370.0
2.826 963.0 370.1
2.827 962.2 370.1
2.828 961.3 370.1
2.829 960.5 370.1
2.830 959.6 370.1
2.831 958.8 370.1
2.832 958.0 370.2
2.833 957.1 370.2
2.834 956.3 370.2
2.835 955.4 370.2
2.836 954.6 370.2
2.837 953.8 370.2
2.838 952.9 370.3
2.839 952.1 370.3
2.840 951.3 370.3
2.841 950.4 370.3
2.842 949.6 370.3
2.843 948.8 370.3
2.844 947.9 370.4
2.845 947.1 370.4
2.846 946.3 370.4
2.847 945.5 370.4
2.848 944.6 370.4
2.849 943.8 370.4
2.850 943.0 370.5
2.851 942.1 370.5
2.852 941.3 370.5
2.853 940.5 370.5
2.854 939.7 370.5
2.855 938.8 370.5
2.856 938.0 370.6
2.857 937.2 370.6
2.858 936.4 370.6
2.859 935.5 370.6
2.860 934.7 370.6
2.861 933.9 370.6
2.862 933.1 370.7
2.863 932.2 370.7
2.864 931.4 370.7
2.865 930.6 370.7
2.866 929.8 370.7
2.867 929.0 370.7
2.868 928.2 370.8
2.869 927.3 370.8
2.870 926.5 370.8
2.871 925.7 370.8
2.872 924.9 370.8
2.873 924.1 370.8
2.874 923.3 370.9
2.875 922.4 370.9
2.876 921.6 370.9
2.877 920.8 370.9
2.878 920.0 370.9
2.879 919.2 370.9
2.880 918.4 370.9
2.881 917.6 371.0
2.882 916.8 371.0
2.883 915.9 371.0
2.884 915.1 371.0
2.885 914.3 371.0
2.886 913.5 371.0
2.887 912.7 371.1
2.888 911.9 371.1
2.889 911.1 371.1
2.890 910.3 371.1
2.891 909.5 371.1
2.892 908.7 371.1
2.893 907.9 371.2
2.894 907.1 371.2
2.895 906.3 371.2
2.896 905.5 371.2
2.897 904.7 371.2
2.898 903.9 371.2
2.899 903.0 371.2
2.900 902.2 371.3
2.901 901.4 371.3
2.902 900.6 371.3
2.903 899.8 371.3
2.904 899.0 371.3
2.905 898.3 371.3
2.906 897.5 371.4
2.907 896.7 371.4
2.908 895.9 371.4
2.909 895.1 371.4
2.910 894.3 371.4
2.911 893.5 371.4
2.912 892.7 371.4
2.913 891.9 371.5
2.914 891.1 371.5
2.915 890.3 371.5
2.916 889.5 371.5
2.917 888.7 371.5
2.918 887.9 371.5
2.919 887.1 371.6
2.920 886.3 371.6
2.921 885.6 371.6
2.922 884.8 371.6
2.923 884.0 371.6
2.924 883.2 371.6
2.925 882.4 371.6
2.926 881.6 371.7
2.927 880.8 371.7
2.928 880.0 371.7
2.929 879.3 371.7
2.930 878.5 371.7
2.931 877.7 371.7
2.932 876.9 371.7
2.933 876.1 371.8
2.934 875.3 371.8
2.935 874.6 371.8
2.936 873.8 371.8
2.937 873.0 371.8
2.938 872.2 371.8
2.939 871.4 371.8
2.940 870.7 371.9
2.941 869.9 371.9
2.942 869.1 371.9
2.943 868.3 371.9
2.944 867.5 371.9
2.945 866.8 371.9
2.946 866.0 371.9
2.947 865.2 372.0
2.948 864.4 372.0
2.949 863.7 372.0
2.950 862.9 372.0
2.951 862.1 372.0
2.952 861.3 372.0
2.953 860.6 372.0
2.954 859.8 372.1
2.955 859.0 372.1
2.956 858.3 372.1
2.957 857.5 372.1
2.958 856.7 372.1
2.959 856.0 372.1
2.960 855.2 372.1
2.961 854.4 372.2
2.962 853.6 372.2
2.963 852.9 372.2
2.964 852.1 372.2
2.965 851.3 372.2
2.966 850.6 372.2
2.967 849.8 372.2
2.968 849.1 372.3
2.969 848.3 372.3
2.970 847.5 372.3
2.971 846.8 372.3
2.972 846.0 372.3
2.973 845.2 372.3
2.974 844.5 372.3
2.975 843.7 372.4
2.976 843.0 372.4
2.977 842.2 372.4
2.978 841.4 372.4
2.979 840.7 372.4
2.980 839.9 372.4
2.981 839.2 372.4
2.982 838.4 372.4
2.983 837.7 372.5
2.984 836.9 372.5
2.985 836.2 372.5
2.986 835.4 372.5
2.987 834.6 372.5
2.988 833.9 372.5
2.989 833.1 372.5
2.990 832.4 372.6
2.991 831.6 372.6
2.992 830.9 372.6
2.993 830.1 372.6
2.994 829.4 372.6
2.995 828.6 372.6
2.996 827.9 372.6
2.997 827.1 372.6
2.998 826.4 372.7
2.999 825.7 372.7
3.000 824.9 372.7
3.001 824.2 372.7
3.002 823.4 372.7
3.003 822.7 372.7
3.004 821.9 372.7
3.005 821.2 372.8
3.006 820.4 372.8
3.007 819.7 372.8
3.008 819.0 372.8
3.009 818.2 372.8
3.010 817.5 372.8
3.011 816.7 372.8
3.012 816.0 372.8
3.013 815.3 372.9
3.014 814.5 372.9
3.015 813.8 372.9
3.016 813.0 372.9
3.017 812.3 372.9
3.018 811.6 372.9
3.019 810.8 372.9
3.020 810.1 372.9
3.021 809.4 373.0
3.022 808.6 373.0
3.023 807.9 373.0
3.024 807.2 373.0
3.025 806.4 373.0
3.026 805.7 373.0
3.027 805.0 373.0
3.028 804.2 373.0
3.029 803.5 373.1
3.030 802.8 373.1
3.031 802.1 373.1
3.032 801.3 373.1
3.033 800.6 373.1
3.034 799.9 373.1
3.035 799.2 373.1
3.036 798.4 373.1
3.037 797.7 373.2
3.038 797.0 373.2
3.039 796.3 373.2
3.040 795.5 373.2
3.041 794.8 373.2
3.042 794.1 373.2
3.043 793.4 373.2
3.044 792.6 373.2
3.045 791.9 373.3
3.046 791.2 373.3
3.047 790.5 373.3
3.048 789.8 373.3
3.049 789.0 373.3
3.050 788.3 373.3
3.051 787.6 373.3
3.052 786.9 373.3
3.053 786.2 373.4
3.054 785.5 373.4
3.055 784.7 373.4
3.056 784.0 373.4
3.057 783.3 373.4
3.058 782.6 373.4
3.059 781.9 373.4
3.060 781.2 373.4
3.061 780.5 373.4
3.062 779.8 373.5
3.063 779.0 373.5
3.064 778.3 373.5
3.065 777.6 373.5
3.066 776.9 373.5
3.067 776.2 373.5
3.068 775.5 373.5
3.069 774.8 373.5
3.070 774.1 373.6
3.071 773.4 373.6
3.072 772.7 373.6
3.073 772.0 373.6
3.074 771.3 373.6
3.075 770.6 373.6
3.076 769.9 373.6
3.077 769.2 373.6
3.078 768.5 373.6
3.079 767.8 373.7
3.080 767.0 373.7
3.081 766.3 373.7
3.082 765.6 373.7
3.083 765.0 373.7
3.084 764.3 373.7
3.085 763.6 373.7
3.086 762.9 373.7
3.087 762.2 373.7
3.088 761.5 373.8
3.089 760.8 373.8
3.090 760.1 373.8
3.091 759.4 373.8
3.092 758.7 373.8
3.093 758.0 373.8
3.094 757.3 373.8
3.095 756.6 373.8
3.096 755.9 373.8
3.097 755.2 373.9
3.098 754.5 373.9
3.099 753.8 373.9
3.100 753.2 373.9
3.101 752.5 373.9
3.102 751.8 373.9
3.103 751.1 373.9
3.104 750.4 373.9
3.105 749.7 373.9
3.106 749.0 374.0
3.107 748.3 374.0
3.108 747.7 374.0
3.109 747.0 374.0
3.110 746.3 374.0
3.111 745.6 374.0
3.112 744.9 374.0
3.113 744.2 374.0
3.114 743.6 374.0
3.115 742.9 374.1
3.116 742.2 374.1
3.117 741.5 374.1
3.118 740.8 374.1
3.119 740.2 374.1
3.120 739.5 374.1
3.121 738.8 374.1
3.122 738.1 374.1
3.123 737.5 374.1
3.124 736.8 374.1
3.125 736.1 374.2
3.126 735.4 374.2
3.127 734.8 374.2
3.128 734.1 374.2
3.129 733.4 374.2
3.130 732.7 374.2
3.131 732.1 374.2
3.132 731.4 374.2
3.133 730.7 374.2
3.134 730.1 374.3
3.135 729.4 374.3
3.136 728.7 374.3
3.137 728.1 374.3
3.138 727.4 374.3
3.139 726.7 374.3
3.140 726.1 374.3
3.141 725.4 374.3
3.142 724.7 374.3
3.143 724.1 374.3
3.144 723.4 374.4
3.145 722.7 374.4
3.146 722.1 374.4
3.147 721.4 374.4
3.148 720.8 374.4
3.149 720.1 374.4
3.150 719.4 374.4
3.151 718.8 374.4
3.152 718.1 374.4
3.153 717.5 374.4
3.154 716.8 374.5
3.155 716.1 374.5
3.156 715.5 374.5
3.157 714.8 374.5
3.158 714.2 374.5
3.159 713.5 374.5
3.160 712.9 374.5
3.161 712.2 374.5
3.162 711.6 374.5
3.163 710.9 374.5
3.164 710.2 374.6
3.165 709.6 374.6
3.166 708.9 374.6
3.167 708.3 374.6
3.168 707.6 374.6
3.169 707.0 374.6
3.170 706.4 374.6
3.171 705.7 374.6
3.172 705.1 374.6
3.173 704.4 374.6
3.174 703.8 374.6
3.175 703.1 374.7
3.176 702.5 374.7
3.177 701.8 374.7
3.178 701.2 374.7
3.179 700.5 374.7
3.180 699.9 374.7
3.181 699.3 374.7
3.182 698.6 374.7
3.183 698.0 374.7
3.184 697.3 374.7
3.185 696.7 374.8
3.186 696.1 374.8
3.187 695.4 374.8
3.188 694.8 374.8
3.189 694.1 374.8
3.190 693.5 374.8
3.191 692.9 374.8
3.192 692.2 374.8
3.193 691.6 374.8
3.194 691.0 374.8
3.195 690.3 374.8
3.196 689.7 374.9
3.197 689.1 374.9
3.198 688.4 374.9
3.199 687.8 374.9
3.200 687.2 374.9
3.201 686.5 374.9
3.202 685.9 374.9
3.203 685.3 374.9
3.204 684.7 374.9
3.205 684.0 374.9
3.206 683.4 374.9
3.207 682.8 375.0
3.208 682.2 375.0
3.209 681.5 375.0
3.210 680.9 375.0
3.211 680.3 375.0
3.212 679.7 375.0
3.213 679.0 375.0
3.214 678.4 375.0
3.215 677.8 375.0
3.216 677.2 375.0
3.217 676.6 375.0
3.218 675.9 375.0
3.219 675.3 375.1
3.220 674.7 375.1
3.221 674.1 375.1
3.222 673.5 375.1
3.223 672.8 375.1
3.224 672.2 375.1
3.225 671.6 375.1
3.226 671.0 375.1
3.227 670.4 375.1
3.228 669.8 375.1
3.229 669.2 375.1
3.230 668.5 375.2
3.231 667.9 375.2
3.232 667.3 375.2
3.233 666.7 375.2
3.234 666.1 375.2
3.235 665.5 375.2
3.236 664.9 375.2
3.237 664.3 375.2
3.238 663.7 375.2
3.239 663.1 375.2
3.240 662.5 375.2
3.241 661.8 375.2
3.242 661.2 375.3
3.243 660.6 375.3
3.244 660.0 375.3
3.245 659.4 375.3
3.246 658.8 375.3
3.247 658.2 375.3
3.248 657.6 375.3
3.249 657.0 375.3
3.250 656.4 375.3
3.251 655.8 375.3
3.252 655.2 375.3
3.253 654.6 375.3
3.254 654.0 375.3
3.255 653.4 375.4
3.256 652.8 375.4
3.257 652.2 375.4
3.258 651.6 375.4
3.259 651.0 375.4
3.260 650.5 375.4
3.261 649.9 375.4
3.262 649.3 375.4
3.263 648.7 375.4
3.264 648.1 375.4
3.265 647.5 375.4
3.266 646.9 375.4
3.267 646.3 375.5
3.268 645.7 375.5
3.269 645.1 375.5
3.270 644.5 375.5
3.271 644.0 375.5
3.272 643.4 375.5
3.273 642.8 375.5
3.274 642.2 375.5
3.275 641.6 375.5
3.276 641.0 375.5
3.277 640.4 375.5
3.278 639.9 375.5
3.279 639.3 375.5
3.280 638.7 375.6
3.281 638.1 375.6
3.282 637.5 375.6
3.283 637.0 375.6
3.284 636.4 375.6
3.285 635.8 375.6
3.286 635.2 375.6
3.287 634.6 375.6
3.288 634.1 375.6
3.289 633.5 375.6
3.290 632.9 375.6
3.291 632.3 375.6
3.292 631.8 375.6
3.293 631.2 375.6
3.294 630.6 375.7
3.295 630.0 375.7
3.296 629.5 375.7
3.297 628.9 375.7
3.298 628.3 375.7
3.299 627.8 375.7
3.300 627.2 375.7
3.301 626.6 375.7
3.302 626.1 375.7
3.303 625.5 375.7
3.304 624.9 375.7
3.305 624.4 375.7
3.306 623.8 375.7
3.307 623.2 375.8
3.308 622.7 375.8
3.309 622.1 375.8
3.310 621.5 375.8
3.311 621.0 375.8
3.312 620.4 375.8
3.313 619.8 375.8
3.314 619.3 375.8
3.315 618.7 375.8
3.316 618.2 375.8
3.317 617.6 375.8
3.318 617.0 375.8
3.319 616.5 375.8
3.320 615.9 375.8
3.321 615.4 375.8
3.322 614.8 375.9
3.323 614.3 375.9
3.324 613.7 375.9
3.325 613.2 375.9
3.326 612.6 375.9
3.327 612.0 375.9
3.328 611.5 375.9
3.329 610.9 375.9
3.330 610.4 375.9
3.331 609.8 375.9
3.332 609.3 375.9
3.333 608.7 375.9
3.334 608.2 375.9
3.335 607.6 375.9
3.336 607.1 376.0
3.337 606.6 376.0
3.338 606.0 376.0
3.339 605.5 376.0
3.340 604.9 376.0
3.341 604.4 376.0
3.342 603.8 376.0
3.343 603.3 376.0
3.344 602.7 376.0
3.345 602.2 376.0
3.346 601.7 376.0
3.347 601.1 376.0
3.348 600.6 376.0
3.349 600.0 376.0
3.350 599.5 376.0
3.351 599.0 376.0
3.352 598.4 376.1
3.353 597.9 376.1
3.354 597.4 376.1
3.355 596.8 376.1
3.356 596.3 376.1
3.357 595.8 376.1
3.358 595.2 376.1
3.359 594.7 376.1
3.360 594.2 376.1
3.361 593.6 376.1
3.362 593.1 376.1
3.363 592.6 376.1
3.364 592.0 376.1
3.365 591.5 376.1
3.366 591.0 376.1
3.367 590.5 376.1
3.368 589.9 376.2
3.369 589.4 376.2
3.370 588.9 376.2
3.371 588.3 376.2
3.372 587.8 376.2
3.373 587.3 376.2
3.374 586.8 376.2
3.375 586.3 376.2
3.376 585.7 376.2
3.377 585.2 376.2
3.378 584.7 376.2
3.379 584.2 376.2
3.380 583.6 376.2
3.381 583.1 376.2
3.382 582.6 376.2
3.383 582.1 376.2
3.384 581.6 376.3
3.385 581.1 376.3
3.386 580.5 376.3
3.387 580.0 376.3
3.388 579.5 376.3
3.389 579.0 376.3
3.390 578.5 376.3
3.391 578.0 376.3
3.392 577.5 376.3
3.393 577.0 376.3
3.394 576.4 376.3
3.395 575.9 376.3
3.396 575.4 376.3
3.397 574.9 376.3
3.398 574.4 376.3
3.399 573.9 376.3
3.400 573.4 376.3
3.401 572.9 376.4
3.402 572.4 376.4
3.403 571.9 376.4
3.404 571.4 376.4
3.405 570.9 376.4
3.406 570.4 376.4
3.407 569.9 376.4
3.408 569.4 376.4
3.409 568.9 376.4
3.410 568.4 376.4
3.411 567.9 376.4
3.412 567.4 376.4
3.413 566.9 376.4
3.414 566.4 376.4
3.415 565.9 376.4
3.416 565.4 376.4
3.417 564.9 376.4
3.418 564.4 376.4
3.419 563.9 376.4
3.420 563.4 376.5
3.421 562.9 376.5
3.422 562.4 376.5
3.423 561.9 376.5
3.424 561.4 376.5
3.425 560.9 376.5
3.426 560.4 376.5
3.427 560.0 376.5
3.428 559.5 376.5
3.429 559.0 376.5
3.430 558.5 376.5
3.431 558.0 376.5
3.432 557.5 376.5
3.433 557.0 376.5
3.434 556.5 376.5
3.435 556.1 376.5
3.436 555.6 376.5
3.437 555.1 376.5
3.438 554.6 376.5
3.439 554.1 376.6
3.440 553.6 376.6
3.441 553.2 376.6
3.442 552.7 376.6
3.443 552.2 376.6
3.444 551.7 376.6
3.445 551.3 376.6
3.446 550.8 376.6
3.447 550.3 376.6
3.448 549.8 376.6
3.449 549.3 376.6
3.450 548.9 376.6
3.451 548.4 376.6
3.452 547.9 376.6
3.453 547.5 376.6
3.454 547.0 376.6
3.455 546.5 376.6
3.456 546.0 376.6
3.457 545.6 376.6
3.458 545.1 376.6
3.459 544.6 376.7
3.460 544.2 376.7
3.461 543.7 376.7
3.462 543.2 376.7
3.463 542.8 376.7
3.464 542.3 376.7
3.465 541.8 376.7
3.466 541.4 376.7
3.467 540.9 376.7
3.468 540.4 376.7
3.469 540.0 376.7
3.470 539.5 376.7
3.471 539.0 376.7
3.472 538.6 376.7
3.473 538.1 376.7
3.474 537.7 376.7
3.475 537.2 376.7
3.476 536.8 376.7
3.477 536.3 376.7
3.478 535.8 376.7
3.479 535.4 376.7
3.480 534.9 376.8
3.481 534.5 376.8
3.482 534.0 376.8
3.483 533.6 376.8
3.484 533.1 376.8
3.485 532.7 376.8
3.486 532.2 376.8
3.487 531.8 376.8
3.488 531.3 376.8
3.489 530.9 376.8
3.490 530.4 376.8
3.491 530.0 376.8
3.492 529.5 376.8
3.493 529.1 376.8
3.494 528.6 376.8
3.495 528.2 376.8
3.496 527.7 376.8
3.497 527.3 376.8
3.498 526.8 376.8
3.499 526.4 376.8
3.500 525.9 376.8
3.501 525.5 376.8
3.502 525.1 376.8
3.503 524.6 376.9
3.504 524.2 376.9
3.505 523.7 376.9
3.506 523.3 376.9
3.507 522.9 376.9
3.508 522.4 376.9
3.509 522.0 376.9
3.510 521.6 376.9
3.511 521.1 376.9
3.512 520.7 376.9
3.513 520.2 376.9
3.514 519.8 376.9
3.515 519.4 376.9
3.516 518.9 376.9
3.517 518.5 376.9
3.518 518.1 376.9
3.519 517.7 376.9
3.520 517.2 376.9
3.521 516.8 376.9
3.522 516.4 376.9
3.523 515.9 376.9
3.524 515.5 376.9
3.525 515.1 376.9
3.526 514.7 376.9
3.527 514.2 376.9
3.528 513.8 377.0
3.529 513.4 377.0
3.530 513.0 377.0
3.531 512.5 377.0
3.532 512.1 377.0
3.533 511.7 377.0
3.534 511.3 377.0
3.535 510.9 377.0
3.536 510.4 377.0
3.537 510.0 377.0
3.538 509.6 377.0
3.539 509.2 377.0
3.540 508.8 377.0
3.541 508.3 377.0
3.542 507.9 377.0
3.543 507.5 377.0
3.544 507.1 377.0
3.545 506.7 377.0
3.546 506.3 377.0
3.547 505.9 377.0
3.548 505.4 377.0
3.549 505.0 377.0
3.550 504.6 377.0
3.551 504.2 377.0
3.552 503.8 377.0
3.553 503.4 377.0
3.554 503.0 377.1
3.555 502.6 377.1
3.556 502.2 377.1
3.557 501.8 377.1
3.558 501.4 377.1
3.559 501.0 377.1
3.560 500.5 377.1
3.561 500.1 377.1
3.562 499.7 377.1
3.563 499.3 377.1
3.564 498.9 377.1
3.565 498.5 377.1
3.566 498.1 377.1
3.567 497.7 377.1
3.568 497.3 377.1
3.569 496.9 377.1
3.570 496.5 377.1
3.571 496.1 377.1
3.572 495.7 377.1
3.573 495.3 377.1
3.574 495.0 377.1
3.575 494.6 377.1
3.576 494.2 377.1
3.577 493.8 377.1
3.578 493.4 377.1
3.579 493.0 377.1
3.580 492.6 377.1
3.581 492.2 377.1
3.582 491.8 377.1
3.583 491.4 377.2
3.584 491.0 377.2
3.585 490.6 377.2
3.586 490.3 377.2
3.587 489.9 377.2
3.588 489.5 377.2
3.589 489.1 377.2
3.590 488.7 377.2
3.591 488.3 377.2
3.592 487.9 377.2
3.593 487.6 377.2
3.594 487.2 377.2
3.595 486.8 377.2
3.596 486.4 377.2
3.597 486.0 377.2
3.598 485.6 377.2
3.599 485.3 377.2
3.600 484.9 377.2
3.601 484.5 377.2
3.602 484.1 377.2
3.603 483.8 377.2
3.604 483.4 377.2
3.605 483.0 377.2
3.606 482.6 377.2
3.607 482.3 377.2
3.608 481.9 377.2
3.609 481.5 377.2
3.610 481.1 377.2
3.611 480.8 377.2
3.612 480.4 377.2
3.613 480.0 377.2
3.614 479.6 377.2
3.615 479.3 377.3
3.616 478.9 377.3
3.617 478.5 377.3
3.618 478.2 377.3
3.619 477.8 377.3
3.620 477.4 377.3
3.621 477.1 377.3
3.622 476.7 377.3
3.623 476.3 377.3
3.624 476.0 377.3
3.625 475.6 377.3
3.626 475.2 377.3
3.627 474.9 377.3
3.628 474.5 377.3
3.629 474.2 377.3
3.630 473.8 377.3
3.631 473.4 377.3
3.632 473.1 377.3
3.633 472.7 377.3
3.634 472.4 377.3
3.635 472.0 377.3
3.636 471.7 377.3
3.637 471.3 377.3
3.638 470.9 377.3
3.639 470.6 377.3
3.640 470.2 377.3
3.641 469.9 377.3
3.642 469.5 377.3
3.643 469.2 377.3
3.644 468.8 377.3
3.645 468.5 377.3
3.646 468.1 377.3
3.647 467.8 377.3
3.648 467.4 377.3
3.649 467.1 377.3
3.650 466.7 377.3
3.651 466.4 377.3
3.652 466.0 377.4
3.653 465.7 377.4
3.654 465.3 377.4
3.655 465.0 377.4
3.656 464.6 377.4
3.657 464.3 377.4
3.658 464.0 377.4
3.659 463.6 377.4
3.660 463.3 377.4
3.661 462.9 377.4
3.662 462.6 377.4
3.663 462.3 377.4
3.664 461.9 377.4
3.665 461.6 377.4
3.666 461.2 377.4
3.667 460.9 377.4
3.668 460.6 377.4
3.669 460.2 377.4
3.670 459.9 377.4
3.671 459.6 377.4
3.672 459.2 377.4
3.673 458.9 377.4
3.674 458.6 377.4
3.675 458.2 377.4
3.676 457.9 377.4
3.677 457.6 377.4
3.678 457.2 377.4
3.679 456.9 377.4
3.680 456.6 377.4
3.681 456.2 377.4
3.682 455.9 377.4
3.683 455.6 377.4
3.684 455.3 377.4
3.685 454.9 377.4
3.686 454.6 377.4
3.687 454.3 377.4
3.688 454.0 377.4
3.689 453.6 377.4
3.690 453.3 377.4
3.691 453.0 377.4
3.692 452.7 377.4
3.693 452.3 377.4
3.694 452.0 377.4
3.695 451.7 377.5
3.696 451.4 377.5
3.697 451.1 377.5
3.698 450.7 377.5
3.699 450.4 377.5
3.700 450.1 377.5
3.701 449.8 377.5
3.702 449.5 377.5
3.703 449.2 377.5
3.704 448.8 377.5
3.705 448.5 377.5
3.706 448.2 377.5
3.707 447.9 377.5
3.708 447.6 377.5
3.709 447.3 377.5
3.710 447.0 377.5
3.711 446.7 377.5
3.712 446.3 377.5
3.713 446.0 377.5
3.714 445.7 377.5
3.715 445.4 377.5
3.716 445.1 377.5
3.717 444.8 377.5
3.718 444.5 377.5
3.719 444.2 377.5
3.720 443.9 377.5
3.721 443.6 377.5
3.722 443.3 377.5
3.723 443.0 377.5
3.724 442.7 377.5
3.725 442.4 377.5
3.726 442.1 377.5
3.727 441.8 377.5
3.728 441.5 377.5
3.729 441.2 377.5
3.730 440.9 377.5
3.731 440.6 377.5
3.732 440.3 377.5
3.733 440.0 377.5
3.734 439.7 377.5
3.735 439.4 377.5
3.736 439.1 377.5
3.737 438.8 377.5
3.738 438.5 377.5
3.739 438.2 377.5
3.740 437.9 377.5
3.741 437.6 377.5
3.742 437.3 377.5
3.743 437.0 377.5
3.744 436.7 377.5
3.745 436.4 377.5
3.746 436.1 377.5
3.747 435.9 377.5
3.748 435.6 377.6
3.749 435.3 377.6
3.750 435.0 377.6
3.751 434.7 377.6
3.752 434.4 377.6
3.753 434.1 377.6
3.754 433.8 377.6
3.755 433.6 377.6
3.756 433.3 377.6
3.757 433.0 377.6
3.758 432.7 377.6
3.759 432.4 377.6
3.760 432.1 377.6
3.761 431.9 377.6
3.762 431.6 377.6
3.763 431.3 377.6
3.764 431.0 377.6
3.765 430.7 377.6
3.766 430.5 377.6
3.767 430.2 377.6
3.768 429.9 377.6
3.769 429.6 377.6
3.770 429.3 377.6
3.771 429.1 377.6
3.772 428.8 377.6
3.773 428.5 377.6
3.774 428.2 377.6
3.775 428.0 377.6
3.776 427.7 377.6
3.777 427.4 377.6
3.778 427.2 377.6
3.779 426.9 377.6
3.780 426.6 377.6
3.781 426.3 377.6
3.782 426.1 377.6
3.783 425.8 377.6
3.784 425.5 377.6
3.785 425.3 377.6
3.786 425.0 377.6
3.787 424.7 377.6
3.788 424.5 377.6
3.789 424.2 377.6
3.790 423.9 377.6
3.791 423.7 377.6
3.792 423.4 377.6
3.793 423.1 377.6
3.794 422.9 377.6
3.795 422.6 377.6
3.796 422.4 377.6
3.797 422.1 377.6
3.798 421.8 377.6
3.799 421.6 377.6
3.800 421.3 377.6
3.801 421.1 377.6
3.802 420.8 377.6
3.803 420.5 377.6
3.804 420.3 377.6
3.805 420.0 377.6
3.806 419.8 377.6
3.807 419.5 377.6
3.808 419.3 377.6
3.809 419.0 377.6
3.810 418.7 377.6
3.811 418.5 377.6
3.812 418.2 377.6
3.813 418.0 377.6
3.814 417.7 377.6
3.815 417.5 377.6
3.816 417.2 377.6
3.817 417.0 377.6
3.818 416.7 377.6
3.819 416.5 377.6
3.820 416.2 377.6
3.821 416.0 377.6
3.822 415.7 377.7
3.823 415.5 377.7
3.824 415.2 377.7
3.825 415.0 377.7
3.826 414.7 377.7
3.827 414.5 377.7
3.828 414.3 377.7
3.829 414.0 377.7
3.830 413.8 377.7
3.831 413.5 377.7
3.832 413.3 377.7
3.833 413.0 377.7
3.834 412.8 377.7
3.835 412.6 377.7
3.836 412.3 377.7
3.837 412.1 377.7
3.838 411.8 377.7
3.839 411.6 377.7
3.840 411.4 377.7
3.841 411.1 377.7
3.842 410.9 377.7
3.843 410.7 377.7
3.844 410.4 377.7
3.845 410.2 377.7
3.846 409.9 377.7
3.847 409.7 377.7
3.848 409.5 377.7
3.849 409.2 377.7
3.850 409.0 377.7
3.851 408.8 377.7
3.852 408.5 377.7
3.853 408.3 377.7
3.854 408.1 377.7
3.855 407.9 377.7
3.856 407.6 377.7
3.857 407.4 377.7
3.858 407.2 377.7
3.859 406.9 377.7
3.860 406.7 377.7
3.861 406.5 377.7
3.862 406.3 377.7
3.863 406.0 377.7
3.864 405.8 377.7
3.865 405.6 377.7
3.866 405.4 377.7
3.867 405.1 377.7
3.868 404.9 377.7
3.869 404.7 377.7
3.870 404.5 377.7
3.871 404.2 377.7
3.872 404.0 377.7
3.873 403.8 377.7
3.874 403.6 377.7
3.875 403.4 377.7
3.876 403.1 377.7
3.877 402.9 377.7
3.878 402.7 377.7
3.879 402.5 377.7
3.880 402.3 377.7
3.881 402.0 377.7
3.882 401.8 377.7
3.883 401.6 377.7
3.884 401.4 377.7
3.885 401.2 377.7
3.886 401.0 377.7
3.887 400.8 377.7
3.888 400.5 377.7
3.889 400.3 377.7
3.890 400.1 377.7
3.891 399.9 377.7
3.892 399.7 377.7
3.893 399.5 377.7
3.894 399.3 377.7
3.895 399.1 377.7
3.896 398.9 377.7
3.897 398.6 377.7
3.898 398.4 377.7
3.899 398.2 377.7
3.900 398.0 377.7
3.901 397.8 377.7
3.902 397.6 377.7
3.903 397.4 377.7
3.904 397.2 377.7
3.905 397.0 377.7
3.906 396.8 377.7
3.907 396.6 377.7
3.908 396.4 377.7
3.909 396.2 377.7
3.910 396.0 377.7
3.911 395.8 377.7
3.912 395.6 377.7
3.913 395.4 377.7
3.914 395.2 377.7
3.915 395.0 377.7
3.916 394.8 377.7
3.917 394.6 377.7
3.918 394.4 377.7
3.919 394.2 377.7
3.920 394.0 377.7
3.921 393.8 377.7
3.922 393.6 377.7
3.923 393.4 377.7
3.924 393.2 377.7
3.925 393.0 377.7
3.926 392.8 377.7
3.927 392.6 377.7
3.928 392.4 377.7
3.929 392.2 377.7
3.930 392.0 377.7
3.931 391.8 377.7
3.932 391.6 377.7
3.933 391.4 377.7
3.934 391.2 377.7
3.935 391.0 377.7
3.936 390.9 377.7
3.937 390.7 377.7
3.938 390.5 377.7
3.939 390.3 377.7
3.940 390.1 377.7
3.941 389.9 377.7
3.942 389.7 377.7
3.943 389.5 377.7
3.944 389.3 377.7
3.945 389.2 377.7
3.946 389.0 377.7
3.947 388.8 377.7
3.948 388.6 377.7
3.949 388.4 377.7
3.950 388.2 377.7
3.951 388.1 377.7
3.952 387.9 377.7
3.953 387.7 377.7
3.954 387.5 377.7
3.955 387.3 377.7
3.956 387.1 377.7
3.957 387.0 377.7
3.958 386.8 377.7
3.959 386.6 377.7
3.960 386.4 377.7
3.961 386.2 377.7
3.962 386.1 377.7
3.963 385.9 377.7
3.964 385.7 377.7
3.965 385.5 377.7
3.966 385.4 377.7
3.967 385.2 377.7
3.968 385.0 377.7
3.969 384.8 377.7
3.970 384.6 377.7
3.971 384.5 377.7
3.972 384.3 377.7
3.973 384.1 377.7
3.974 384.0 377.7
3.975 383.8 377.7
3.976 383.6 377.7
3.977 383.4 377.7
3.978 383.3 377.7
3.979 383.1 377.7
3.980 382.9 377.7
3.981 382.7 377.7
3.982 382.6 377.7
3.983 382.4 377.7
3.984 382.2 377.7
3.985 382.1 377.7
3.986 381.9 377.7
3.987 381.7 377.7
3.988 381.6 377.7
3.989 381.4 377.7
3.990 381.2 377.7
3.991 381.1 377.7
3.992 380.9 377.7
3.993 380.7 377.7
3.994 380.6 377.7
3.995 380.4 377.7
3.996 380.2 377.7
3.997 380.1 377.7
3.998 379.9 377.7
3.999 379.8 377.7
4.000 379.6 377.7
4.001 379.4 377.7
4.002 379.3 377.7
4.003 379.1 377.7
4.004 378.9 377.7
4.005 378.8 377.7
4.006 378.6 377.7
4.007 378.5 377.7
4.008 378.3 377.7
4.009 378.1 377.7
4.010 378.0 377.7
4.011 377.8 377.7
4.012 377.7 377.7
4.013 377.5 377.7
4.014 377.4 377.7
4.015 377.2 377.7
4.016 377.0 377.7
4.017 376.9 377.7
4.018 376.7 377.7
4.019 376.6 377.7
4.020 376.4 377.7
4.021 376.3 377.7
4.022 376.1 377.7
4.023 376.0 377.7
4.024 375.8 377.7
4.025 375.7 377.7
4.026 375.5 377.7
4.027 375.4 377.7
4.028 375.2 377.7
4.029 375.1 377.7
4.030 374.9 377.7
4.031 374.8 377.7
4.032 374.6 377.7
4.033 374.5 377.7
4.034 374.3 377.7
4.035 374.2 377.7
4.036 374.0 377.7
4.037 373.9 377.7
4.038 373.7 377.7
4.039 373.6 377.7
4.040 373.4 377.7
4.041 373.3 377.7
4.042 373.1 377.7
4.043 373.0 377.7
4.044 372.8 377.7
4.045 372.7 377.7
4.046 372.6 377.7
4.047 372.4 377.7
4.048 372.3 377.7
4.049 372.1 377.7
4.050 372.0 377.7
4.051 371.8 377.7
4.052 371.7 377.7
4.053 371.6 377.7
4.054 371.4 377.7
4.055 371.3 377.7
4.056 371.1 377.7
4.057 371.0 377.7
4.058 370.9 377.7
4.059 370.7 377.7
4.060 370.6 377.7
4.061 370.4 377.7
4.062 370.3 377.7
4.063 370.2 377.7
4.064 370.0 377.7
4.065 369.9 377.7
4.066 369.7 377.7
4.067 369.6 377.7
4.068 369.5 377.7
4.069 369.3 377.7
4.070 369.2 377.7
4.071 369.1 377.7
4.072 368.9 377.7
4.073 368.8 377.7
4.074 368.7 377.7
4.075 368.5 377.7
4.076 368.4 377.7
4.077 368.3 377.7
4.078 368.1 377.7
4.079 368.0 377.7
4.080 367.9 377.7
4.081 367.7 377.7
4.082 367.6 377.7
4.083 367.5 377.7
4.084 367.4 377.7
4.085 367.2 377.7
4.086 367.1 377.7
4.087 367.0 377.7
4.088 366.8 377.7
4.089 366.7 377.7
4.090 366.6 377.7
4.091 366.4 377.7
4.092 366.3 377.7
4.093 366.2 377.7
4.094 366.1 377.7
4.095 365.9 377.7
4.096 365.8 377.7
4.097 365.7 377.7
4.098 365.6 377.7
4.099 365.4 377.7
4.100 365.3 377.7
4.101 365.2 377.7
4.102 365.1 377.7
4.103 364.9 377.7
4.104 364.8 377.7
4.105 364.7 377.7
4.106 364.6 377.7
4.107 364.4 377.7
4.108 364.3 377.7
4.109 364.2 377.7
4.110 364.1 377.7
4.111 364.0 377.7
4.112 363.8 377.7
4.113 363.7 377.7
4.114 363.6 377.7
4.115 363.5 377.7
4.116 363.4 377.7
4.117 363.2 377.7
4.118 363.1 377.7
4.119 363.0 377.7
4.120 362.9 377.7
4.121 362.8 377.7
4.122 362.7 377.7
4.123 362.5 377.7
4.124 362.4 377.7
4.125 362.3 377.7
4.126 362.2 377.7
4.127 362.1 377.7
4.128 362.0 377.7
4.129 361.8 377.7
4.130 361.7 377.7
4.131 361.6 377.7
4.132 361.5 377.7
4.133 361.4 377.7
4.134 361.3 377.7
4.135 361.2 377.7
4.136 361.0 377.7
4.137 360.9 377.7
4.138 360.8 377.7
4.139 360.7 377.7
4.140 360.6 377.7
4.141 360.5 377.7
4.142 360.4 377.7
4.143 360.3 377.7
4.144 360.2 377.7
4.145 360.0 377.7
4.146 359.9 377.7
4.147 359.8 377.7
4.148 359.7 377.7
4.149 359.6 377.7
4.150 359.5 377.7
4.151 359.4 377.7
4.152 359.3 377.7
4.153 359.2 377.7
4.154 359.1 377.7
4.155 359.0 377.7
4.156 358.8 377.7
4.157 358.7 377.7
4.158 358.6 377.7
4.159 358.5 377.7
4.160 358.4 377.7
4.161 358.3 377.7
4.162 358.2 377.7
4.163 358.1 377.7
4.164 358.0 377.7
4.165 357.9 377.7
4.166 357.8 377.7
4.167 357.7 377.7
4.168 357.6 377.7
4.169 357.5 377.7
4.170 357.4 377.7
4.171 357.3 377.7
4.172 357.2 377.7
4.173 357.1 377.7
4.174 357.0 377.7
4.175 356.9 377.7
4.176 356.8 377.7
4.177 356.7 377.7
4.178 356.6 377.7
4.179 356.5 377.7
4.180 356.4 377.7
4.181 356.3 377.7
4.182 356.2 377.7
4.183 356.1 377.7
4.184 356.0 377.7
4.185 355.9 377.7
4.186 355.8 377.7
4.187 355.7 377.7
4.188 355.6 377.7
4.189 355.5 377.7
4.190 355.4 377.7
4.191 355.3 377.7
4.192 355.2 377.7
4.193 355.1 377.7
4.194 355.0 377.7
4.195 354.9 377.7
4.196 354.8 377.7
4.197 354.7 377.7
4.198 354.6 377.7
4.199 354.5 377.7
4.200 354.4 377.7
4.201 354.3 377.7
4.202 354.3 377.7
4.203 354.2 377.7
4.204 354.1 377.7
4.205 354.0 377.7
4.206 353.9 377.7
4.207 353.8 377.7
4.208 353.7 377.7
4.209 353.6 377.7
4.210 353.5 377.7
4.211 353.4 377.7
4.212 353.3 377.7
4.213 353.2 377.7
4.214 353.1 377.7
4.215 353.1 377.7
4.216 353.0 377.7
4.217 352.9 377.7
4.218 352.8 377.7
4.219 352.7 377.7
4.220 352.6 377.7
4.221 352.5 377.7
4.222 352.4 377.7
4.223 352.3 377.7
4.224 352.3 377.7
4.225 352.2 377.7
4.226 352.1 377.7
4.227 352.0 377.7
4.228 351.9 377.7
4.229 351.8 377.7
4.230 351.7 377.7
4.231 351.6 377.7
4.232 351.6 377.7
4.233 351.5 377.7
4.234 351.4 377.7
4.235 351.3 377.7
4.236 351.2 377.6
4.237 351.1 377.6
4.238 351.0 377.6
4.239 351.0 377.6
4.240 350.9 377.6
4.241 350.8 377.6
4.242 350.7 377.6
4.243 350.6 377.6
4.244 350.5 377.6
4.245 350.5 377.6
4.246 350.4 377.6
4.247 350.3 377.6
4.248 350.2 377.6
4.249 350.1 377.6
4.250 350.1 377.6
4.251 350.0 377.6
4.252 349.9 377.6
4.253 349.8 377.6
4.254 349.7 377.6
4.255 349.6 377.6
4.256 349.6 377.6
4.257 349.5 377.6
4.258 349.4 377.6
4.259 349.3 377.6
4.260 349.3 377.6
4.261 349.2 377.6
4.262 349.1 377.6
4.263 349.0 377.6
4.264 348.9 377.6
4.265 348.9 377.6
4.266 348.8 377.6
4.267 348.7 377.6
4.268 348.6 377.6
4.269 348.5 377.6
4.270 348.5 377.6
4.271 348.4 377.6
4.272 348.3 377.6
4.273 348.2 377.6
4.274 348.2 377.6
4.275 348.1 377.6
4.276 348.0 377.6
4.277 347.9 377.6
4.278 347.9 377.6
4.279 347.8 377.6
4.280 347.7 377.6
4.281 347.6 377.6
4.282 347.6 377.6
4.283 347.5 377.6
4.284 347.4 377.6
4.285 347.4 377.6
4.286 347.3 377.6
4.287 347.2 377.6
4.288 347.1 377.6
4.289 347.1 377.6
4.290 347.0 377.6
4.291 346.9 377.6
4.292 346.8 377.6
4.293 346.8 377.6
4.294 346.7 377.6
4.295 346.6 377.6
4.296 346.6 377.6
4.297 346.5 377.6
4.298 346.4 377.6
4.299 346.3 377.6
4.300 346.3 377.6
4.301 346.2 377.6
4.302 346.1 377.6
4.303 346.1 377.6
4.304 346.0 377.6
4.305 345.9 377.6
4.306 345.9 377.6
4.307 345.8 377.6
4.308 345.7 377.6
4.309 345.6 377.6
4.310 345.6 377.6
4.311 345.5 377.6
4.312 345.4 377.6
4.313 345.4 377.6
4.314 345.3 377.6
4.315 345.2 377.6
4.316 345.2 377.6
4.317 345.1 377.6
4.318 345.0 377.6
4.319 345.0 377.6
4.320 344.9 377.6
4.321 344.8 377.6
4.322 344.8 377.6
4.323 344.7 377.6
4.324 344.6 377.6
4.325 344.6 377.6
4.326 344.5 377.6
4.327 344.5 377.6
4.328 344.4 377.6
4.329 344.3 377.6
4.330 344.3 377.6
4.331 344.2 377.6
4.332 344.1 377.6
4.333 344.1 377.6
4.334 344.0 377.6
4.335 343.9 377.6
4.336 343.9 377.6
4.337 343.8 377.6
4.338 343.8 377.6
4.339 343.7 377.6
4.340 343.6 377.6
4.341 343.6 377.6
4.342 343.5 377.6
4.343 343.4 377.6
4.344 343.4 377.6
4.345 343.3 377.6
4.346 343.3 377.6
4.347 343.2 377.6
4.348 343.1 377.6
4.349 343.1 377.6
4.350 343.0 377.5
4.351 343.0 377.5
4.352 342.9 377.5
4.353 342.8 377.5
4.354 342.8 377.5
4.355 342.7 377.5
4.356 342.7 377.5
4.357 342.6 377.5
4.358 342.5 377.5
4.359 342.5 377.5
4.360 342.4 377.5
4.361 342.4 377.5
4.362 342.3 377.5
4.363 342.3 377.5
4.364 342.2 377.5
4.365 342.1 377.5
4.366 342.1 377.5
4.367 342.0 377.5
4.368 342.0 377.5
4.369 341.9 377.5
4.370 341.9 377.5
4.371 341.8 377.5
4.372 341.7 377.5
4.373 341.7 377.5
4.374 341.6 377.5
4.375 341.6 377.5
4.376 341.5 377.5
4.377 341.5 377.5
4.378 341.4 377.5
4.379 341.3 377.5
4.380 341.3 377.5
4.381 341.2 377.5
4.382 341.2 377.5
4.383 341.1 377.5
4.384 341.1 377.5
4.385 341.0 377.5
4.386 341.0 377.5
4.387 340.9 377.5
4.388 340.9 377.5
4.389 340.8 377.5
4.390 340.8 377.5
4.391 340.7 377.5
4.392 340.6 377.5
4.393 340.6 377.5
4.394 340.5 377.5
4.395 340.5 377.5
4.396 340.4 377.5
4.397 340.4 377.5
4.398 340.3 377.5
4.399 340.3 377.5
4.400 340.2 377.5
4.401 340.2 377.5
4.402 340.1 377.5
4.403 340.1 377.5
4.404 340.0 377.5
4.405 340.0 377.5
4.406 339.9 377.5
4.407 339.9 377.5
4.408 339.8 377.5
4.409 339.8 377.5
4.410 339.7 377.5
4.411 339.7 377.5
4.412 339.6 377.5
4.413 339.6 377.5
4.414 339.5 377.5
4.415 339.5 377.5
4.416 339.4 377.5
4.417 339.4 377.5
4.418 339.3 377.5
4.419 339.3 377.5
4.420 339.2 377.5
4.421 339.2 377.5
4.422 339.1 377.5
4.423 339.1 377.5
4.424 339.0 377.5
4.425 339.0 377.5
4.426 338.9 377.5
4.427 338.9 377.5
4.428 338.8 377.5
4.429 338.8 377.5
4.430 338.7 377.5
4.431 338.7 377.5
4.432 338.7 377.5
4.433 338.6 377.5
4.434 338.6 377.5
4.435 338.5 377.5
4.436 338.5 377.5
4.437 338.4 377.5
4.438 338.4 377.5
4.439 338.3 377.5
4.440 338.3 377.5
4.441 338.2 377.5
4.442 338.2 377.5
4.443 338.2 377.5
4.444 338.1 377.5
4.445 338.1 377.5
4.446 338.0 377.4
4.447 338.0 377.4
4.448 337.9 377.4
4.449 337.9 377.4
4.450 337.8 377.4
4.451 337.8 377.4
4.452 337.7 377.4
4.453 337.7 377.4
4.454 337.7 377.4
4.455 337.6 377.4
4.456 337.6 377.4
4.457 337.5 377.4
4.458 337.5 377.4
4.459 337.4 377.4
4.460 337.4 377.4
4.461 337.4 377.4
4.462 337.3 377.4
4.463 337.3 377.4
4.464 337.2 377.4
4.465 337.2 377.4
4.466 337.2 377.4
4.467 337.1 377.4
4.468 337.1 377.4
4.469 337.0 377.4
4.470 337.0 377.4
4.471 336.9 377.4
4.472 336.9 377.4
4.473 336.9 377.4
4.474 336.8 377.4
4.475 336.8 377.4
4.476 336.7 377.4
4.477 336.7 377.4
4.478 336.7 377.4
4.479 336.6 377.4
4.480 336.6 377.4
4.481 336.5 377.4
4.482 336.5 377.4
4.483 336.5 377.4
4.484 336.4 377.4
4.485 336.4 377.4
4.486 336.3 377.4
4.487 336.3 377.4
4.488 336.3 377.4
4.489 336.2 377.4
4.490 336.2 377.4
4.491 336.1 377.4
4.492 336.1 377.4
4.493 336.1 377.4
4.494 336.0 377.4
4.495 336.0 377.4
4.496 335.9 377.4
4.497 335.9 377.4
4.498 335.9 377.4
4.499 335.8 377.4
4.500 335.8 377.4
4.501 335.8 377.4
4.502 335.7 377.4
4.503 335.7 377.4
4.504 335.6 377.4
4.505 335.6 377.4
4.506 335.6 377.4
4.507 335.5 377.4
4.508 335.5 377.4
4.509 335.5 377.4
4.510 335.4 377.4
4.511 335.4 377.4
4.512 335.4 377.4
4.513 335.3 377.4
4.514 335.3 377.4
4.515 335.2 377.4
4.516 335.2 377.4
4.517 335.2 377.4
4.518 335.1 377.4
4.519 335.1 377.4
4.520 335.1 377.4
4.521 335.0 377.4
4.522 335.0 377.4
4.523 335.0 377.4
4.524 334.9 377.4
4.525 334.9 377.4
4.526 334.9 377.4
4.527 334.8 377.4
4.528 334.8 377.4
4.529 334.8 377.4
4.530 334.7 377.4
4.531 334.7 377.4
4.532 334.6 377.4
4.533 334.6 377.3
4.534 334.6 377.3
4.535 334.5 377.3
4.536 334.5 377.3
4.537 334.5 377.3
4.538 334.4 377.3
4.539 334.4 377.3
4.540 334.4 377.3
4.541 334.4 377.3
4.542 334.3 377.3
4.543 334.3 377.3
4.544 334.3 377.3
4.545 334.2 377.3
4.546 334.2 377.3
4.547 334.2 377.3
4.548 334.1 377.3
4.549 334.1 377.3
4.550 334.1 377.3
4.551 334.0 377.3
4.552 334.0 377.3
4.553 334.0 377.3
4.554 333.9 377.3
4.555 333.9 377.3
4.556 333.9 377.3
4.557 333.8 377.3
4.558 333.8 377.3
4.559 333.8 377.3
4.560 333.7 377.3
4.561 333.7 377.3
4.562 333.7 377.3
4.563 333.6 377.3
4.564 333.6 377.3
4.565 333.6 377.3
4.566 333.6 377.3
4.567 333.5 377.3
4.568 333.5 377.3
4.569 333.5 377.3
4.570 333.4 377.3
4.571 333.4 377.3
4.572 333.4 377.3
4.573 333.3 377.3
4.574 333.3 377.3
4.575 333.3 377.3
4.576 333.3 377.3
4.577 333.2 377.3
4.578 333.2 377.3
4.579 333.2 377.3
4.580 333.1 377.3
4.581 333.1 377.3
4.582 333.1 377.3
4.583 333.1 377.3
4.584 333.0 377.3
4.585 333.0 377.3
4.586 333.0 377.3
4.587 332.9 377.3
4.588 332.9 377.3
4.589 332.9 377.3
4.590 332.9 377.3
4.591 332.8 377.3
4.592 332.8 377.3
4.593 332.8 377.3
4.594 332.7 377.3
4.595 332.7 377.3
4.596 332.7 377.3
4.597 332.7 377.3
4.598 332.6 377.3
4.599 332.6 377.3
4.600 332.6 377.3
4.601 332.5 377.3
4.602 332.5 377.3
4.603 332.5 377.3
4.604 332.5 377.3
4.605 332.4 377.3
4.606 332.4 377.3
4.607 332.4 377.3
4.608 332.4 377.3
4.609 332.3 377.3
4.610 332.3 377.3
4.611 332.3 377.3
4.612 332.3 377.3
4.613 332.2 377.3
4.614 332.2 377.3
4.615 332.2 377.2
4.616 332.2 377.2
4.617 332.1 377.2
4.618 332.1 377.2
4.619 332.1 377.2
4.620 332.1 377.2
4.621 332.0 377.2
4.622 332.0 377.2
4.623 332.0 377.2
4.624 331.9 377.2
4.625 331.9 377.2
4.626 331.9 377.2
4.627 331.9 377.2
4.628 331.8 377.2
4.629 331.8 377.2
4.630 331.8 377.2
4.631 331.8 377.2
4.632 331.7 377.2
4.633 331.7 377.2
4.634 331.7 377.2
4.635 331.7 377.2
4.636 331.6 377.2
4.637 331.6 377.2
4.638 331.6 377.2
4.639 331.6 377.2
4.640 331.6 377.2
4.641 331.5 377.2
4.642 331.5 377.2
4.643 331.5 377.2
4.644 331.5 377.2
4.645 331.4 377.2
4.646 331.4 377.2
4.647 331.4 377.2
4.648 331.4 377.2
4.649 331.3 377.2
4.650 331.3 377.2
4.651 331.3 377.2
4.652 331.3 377.2
4.653 331.3 377.2
4.654 331.2 377.2
4.655 331.2 377.2
4.656 331.2 377.2
4.657 331.2 377.2
4.658 331.1 377.2
4.659 331.1 377.2
4.660 331.1 377.2
4.661 331.1 377.2
4.662 331.0 377.2
4.663 331.0 377.2
4.664 331.0 377.2
4.665 331.0 377.2
4.666 331.0 377.2
4.667 330.9 377.2
4.668 330.9 377.2
4.669 330.9 377.2
4.670 330.9 377.2
4.671 330.8 377.2
4.672 330.8 377.2
4.673 330.8 377.2
4.674 330.8 377.2
4.675 330.8 377.2
4.676 330.7 377.2
4.677 330.7 377.2
4.678 330.7 377.2
4.679 330.7 377.2
4.680 330.7 377.2
4.681 330.6 377.2
4.682 330.6 377.2
4.683 330.6 377.2
4.684 330.6 377.2
4.685 330.6 377.2
4.686 330.5 377.2
4.687 330.5 377.2
4.688 330.5 377.2
4.689 330.5 377.2
4.690 330.5 377.2
4.691 330.4 377.2
4.692 330.4 377.1
4.693 330.4 377.1
4.694 330.4 377.1
4.695 330.4 377.1
4.696 330.3 377.1
4.697 330.3 377.1
4.698 330.3 377.1
4.699 330.3 377.1
4.700 330.3 377.1
4.701 330.2 377.1
4.702 330.2 377.1
4.703 330.2 377.1
4.704 330.2 377.1
4.705 330.2 377.1
4.706 330.1 377.1
4.707 330.1 377.1
4.708 330.1 377.1
4.709 330.1 377.1
4.710 330.1 377.1
4.711 330.0 377.1
4.712 330.0 377.1
4.713 330.0 377.1
4.714 330.0 377.1
4.715 330.0 377.1
4.716 329.9 377.1
4.717 329.9 377.1
4.718 329.9 377.1
4.719 329.9 377.1
4.720 329.9 377.1
4.721 329.9 377.1
4.722 329.8 377.1
4.723 329.8 377.1
4.724 329.8 377.1
4.725 329.8 377.1
4.726 329.8 377.1
4.727 329.7 377.1
4.728 329.7 377.1
4.729 329.7 377.1
4.730 329.7 377.1
4.731 329.7 377.1
4.732 329.7 377.1
4.733 329.6 377.1
4.734 329.6 377.1
4.735 329.6 377.1
4.736 329.6 377.1
4.737 329.6 377.1
4.738 329.5 377.1
4.739 329.5 377.1
4.740 329.5 377.1
4.741 329.5 377.1
4.742 329.5 377.1
4.743 329.5 377.1
4.744 329.4 377.1
4.745 329.4 377.1
4.746 329.4 377.1
4.747 329.4 377.1
4.748 329.4 377.1
4.749 329.4 377.1
4.750 329.3 377.1
4.751 329.3 377.1
4.752 329.3 377.1
4.753 329.3 377.1
4.754 329.3 377.1
4.755 329.3 377.1
4.756 329.2 377.1
4.757 329.2 377.1
4.758 329.2 377.1
4.759 329.2 377.1
4.760 329.2 377.1
4.761 329.2 377.1
4.762 329.2 377.1
4.763 329.1 377.1
4.764 329.1 377.1
4.765 329.1 377.1
4.766 329.1 377.1
4.767 329.1 377.1
4.768 329.1 377.0
4.769 329.0 377.0
4.770 329.0 377.0
4.771 329.0 377.0
4.772 329.0 377.0
4.773 329.0 377.0
4.774 329.0 377.0
4.775 328.9 377.0
4.776 328.9 377.0
4.777 328.9 377.0
4.778 328.9 377.0
4.779 328.9 377.0
4.780 328.9 377.0
4.781 328.8 377.0
4.782 328.8 377.0
4.783 328.8 377.0
4.784 328.8 377.0
4.785 328.8 377.0
4.786 328.8 377.0
4.787 328.8 377.0
4.788 328.7 377.0
4.789 328.7 377.0
4.790 328.7 377.0
4.791 328.7 377.0
4.792 328.7 377.0
4.793 328.7 377.0
4.794 328.7 377.0
4.795 328.6 377.0
4.796 328.6 377.0
4.797 328.6 377.0
4.798 328.6 377.0
4.799 328.6 377.0
4.800 328.6 377.0
4.801 328.6 377.0
4.802 328.5 377.0
4.803 328.5 377.0
4.804 328.5 377.0
4.805 328.5 377.0
4.806 328.5 377.0
4.807 328.5 377.0
4.808 328.5 377.0
4.809 328.4 377.0
4.810 328.4 377.0
4.811 328.4 377.0
4.812 328.4 377.0
4.813 328.4 377.0
4.814 328.4 377.0
4.815 328.4 377.0
4.816 328.4 377.0
4.817 328.3 377.0
4.818 328.3 377.0
4.819 328.3 377.0
4.820 328.3 377.0
4.821 328.3 377.0
4.822 328.3 377.0
4.823 328.3 377.0
4.824 328.2 377.0
4.825 328.2 377.0
4.826 328.2 377.0
4.827 328.2 377.0
4.828 328.2 377.0
4.829 328.2 377.0
4.830 328.2 377.0
4.831 328.2 377.0
4.832 328.1 377.0
4.833 328.1 377.0
4.834 328.1 377.0
4.835 328.1 377.0
4.836 328.1 377.0
4.837 328.1 377.0
4.838 328.1 377.0
4.839 328.0 377.0
4.840 328.0 377.0
4.841 328.0 376.9
4.842 328.0 376.9
4.843 328.0 376.9
4.844 328.0 376.9
4.845 328.0 376.9
4.846 328.0 376.9
4.847 327.9 376.9
4.848 327.9 376.9
4.849 327.9 376.9
4.850 327.9 376.9
4.851 327.9 376.9
4.852 327.9 376.9
4.853 327.9 376.9
4.854 327.9 376.9
4.855 327.9 376.9
4.856 327.8 376.9
4.857 327.8 376.9
4.858 327.8 376.9
4.859 327.8 376.9
4.860 327.8 376.9
4.861 327.8 376.9
4.862 327.8 376.9
4.863 327.8 376.9
4.864 327.7 376.9
4.865 327.7 376.9
4.866 327.7 376.9
4.867 327.7 376.9
4.868 327.7 376.9
4.869 327.7 376.9
4.870 327.7 376.9
4.871 327.7 376.9
4.872 327.7 376.9
4.873 327.6 376.9
4.874 327.6 376.9
4.875 327.6 376.9
4.876 327.6 376.9
4.877 327.6 376.9
4.878 327.6 376.9
4.879 327.6 376.9
4.880 327.6 376.9
4.881 327.6 376.9
4.882 327.5 376.9
4.883 327.5 376.9
4.884 327.5 376.9
4.885 327.5 376.9
4.886 327.5 376.9
4.887 327.5 376.9
4.888 327.5 376.9
4.889 327.5 376.9
4.890 327.5 376.9
4.891 327.5 376.9
4.892 327.4 376.9
4.893 327.4 376.9
4.894 327.4 376.9
4.895 327.4 376.9
4.896 327.4 376.9
4.897 327.4 376.9
4.898 327.4 376.9
4.899 327.4 376.9
4.900 327.4 376.9
4.901 327.3 376.9
4.902 327.3 376.9
4.903 327.3 376.9
4.904 327.3 376.9
4.905 327.3 376.9
4.906 327.3 376.9
4.907 327.3 376.9
4.908 327.3 376.9
4.909 327.3 376.9
4.910 327.3 376.9
4.911 327.2 376.9
4.912 327.2 376.9
4.913 327.2 376.8
4.914 327.2 376.8
4.915 327.2 376.8
4.916 327.2 376.8
4.917 327.2 376.8
4.918 327.2 376.8
4.919 327.2 376.8
4.920 327.2 376.8
4.921 327.2 376.8
4.922 327.1 376.8
4.923 327.1 376.8
4.924 327.1 376.8
4.925 327.1 376.8
4.926 327.1 376.8
4.927 327.1 376.8
4.928 327.1 376.8
4.929 327.1 376.8
4.930 327.1 376.8
4.931 327.1 376.8
4.932 327.0 376.8
4.933 327.0 376.8
4.934 327.0 376.8
4.935 327.0 376.8
4.936 327.0 376.8
4.937 327.0 376.8
4.938 327.0 376.8
4.939 327.0 376.8
4.940 327.0 376.8
4.941 327.0 376.8
4.942 327.0 376.8
4.943 326.9 376.8
4.944 326.9 376.8
4.945 326.9 376.8
4.946 326.9 376.8
4.947 326.9 376.8
4.948 326.9 376.8
4.949 326.9 376.8
4.950 326.9 376.8
4.951 326.9 376.8
4.952 326.9 376.8
4.953 326.9 376.8
4.954 326.8 376.8
4.955 326.8 376.8
4.956 326.8 376.8
4.957 326.8 376.8
4.958 326.8 376.8
4.959 326.8 376.8
4.960 326.8 376.8
4.961 326.8 376.8
4.962 326.8 376.8
4.963 326.8 376.8
4.964 326.8 376.8
4.965 326.8 376.8
4.966 326.7 376.8
4.967 326.7 376.8
4.968 326.7 376.8
4.969 326.7 376.8
4.970 326.7 376.8
4.971 326.7 376.8
4.972 326.7 376.8
4.973 326.7 376.8
4.974 326.7 376.8
4.975 326.7 376.8
4.976 326.7 376.8
4.977 326.7 376.8
4.978 326.6 376.8
4.979 326.6 376.8
4.980 326.6 376.8
4.981 326.6 376.8
4.982 326.6 376.8
4.983 326.6 376.8
4.984 326.6 376.7
4.985 326.6 376.7
4.986 326.6 376.7
4.987 326.6 376.7
4.988 326.6 376.7
4.989 326.6 376.7
4.990 326.6 376.7
4.991 326.5 376.7
4.992 326.5 376.7
4.993 326.5 376.7
4.994 326.5 376.7
4.995 326.5 376.7
4.996 326.5 376.7
4.997 326.5 376.7
4.998 326.5 376.7
4.999 326.5 376.7
5.000 326.5 376.7
